[gd_scene load_steps=39 format=3 uid="uid://dvu5i0n51gph3"]

[ext_resource type="Script" path="res://src/decentraland_components/avatar.gd" id="1_kkscc"]
[ext_resource type="PackedScene" uid="uid://ci0fn7h7pxdmc" path="res://src/helpers_components/avatar_modifier_area_detector.tscn" id="2_8o107"]
[ext_resource type="AnimationLibrary" uid="uid://bfbk8s54f1krh" path="res://assets/animations/locomotion.res" id="2_dv5vj"]

[sub_resource type="AnimationNodeAnimation" id="AnimationNodeAnimation_y5b2w"]
animation = &"Jump_Mid"

[sub_resource type="AnimationNodeTimeScale" id="AnimationNodeTimeScale_kqjc2"]

[sub_resource type="AnimationNodeBlendTree" id="AnimationNodeBlendTree_73ggs"]
graph_offset = Vector2(-428.511, -36.6553)
nodes/Animation/node = SubResource("AnimationNodeAnimation_y5b2w")
nodes/Animation/position = Vector2(-140, 80)
nodes/TimeScale/node = SubResource("AnimationNodeTimeScale_kqjc2")
nodes/TimeScale/position = Vector2(80, 60)
nodes/output/position = Vector2(280, 80)
node_connections = [&"TimeScale", 0, &"Animation", &"output", 0, &"TimeScale"]

[sub_resource type="AnimationNodeAnimation" id="AnimationNodeAnimation_njnb1"]
animation = &"Idle"

[sub_resource type="AnimationNodeAnimation" id="AnimationNodeAnimation_nx30r"]
animation = &"Jog"

[sub_resource type="AnimationNodeAnimation" id="AnimationNodeAnimation_mbgg0"]
animation = &"Jump_End"

[sub_resource type="AnimationNodeAnimation" id="AnimationNodeAnimation_i1b6e"]
animation = &"Jump_Fall"

[sub_resource type="AnimationNodeAnimation" id="AnimationNodeAnimation_4k6m8"]
animation = &"Jump_Start"

[sub_resource type="AnimationNodeAnimation" id="AnimationNodeAnimation_wgvnp"]
animation = &"Walk"

[sub_resource type="AnimationNodeStateMachineTransition" id="AnimationNodeStateMachineTransition_sjeni"]
advance_mode = 2

[sub_resource type="AnimationNodeStateMachineTransition" id="AnimationNodeStateMachineTransition_iqjn2"]
xfade_time = 0.1
advance_mode = 2
advance_condition = &"walking"

[sub_resource type="AnimationNodeStateMachineTransition" id="AnimationNodeStateMachineTransition_8s2p3"]
xfade_time = 0.1
advance_mode = 2
advance_condition = &"idle"

[sub_resource type="AnimationNodeStateMachineTransition" id="AnimationNodeStateMachineTransition_4a4l1"]
xfade_time = 0.1
advance_mode = 2
advance_condition = &"running"

[sub_resource type="AnimationNodeStateMachineTransition" id="AnimationNodeStateMachineTransition_xtyqe"]
xfade_time = 0.1
advance_mode = 2
advance_condition = &"running"

[sub_resource type="AnimationNodeStateMachineTransition" id="AnimationNodeStateMachineTransition_64p1j"]
advance_mode = 2
advance_condition = &"rising"

[sub_resource type="AnimationNodeStateMachineTransition" id="AnimationNodeStateMachineTransition_8gjk6"]
xfade_time = 0.1
advance_mode = 2
advance_condition = &"rising"

[sub_resource type="AnimationNodeStateMachineTransition" id="AnimationNodeStateMachineTransition_wwwdk"]
advance_mode = 2
advance_condition = &"nfalling"

[sub_resource type="AnimationNodeStateMachineTransition" id="AnimationNodeStateMachineTransition_6yrxr"]
xfade_time = 0.1
advance_mode = 2
advance_condition = &"idle"

[sub_resource type="AnimationNodeStateMachineTransition" id="AnimationNodeStateMachineTransition_dpqsu"]
xfade_time = 0.1
advance_mode = 2
advance_condition = &"walking"

[sub_resource type="AnimationNodeStateMachineTransition" id="AnimationNodeStateMachineTransition_ye88n"]
xfade_time = 0.1
advance_mode = 2
advance_condition = &"running"

[sub_resource type="AnimationNodeStateMachineTransition" id="AnimationNodeStateMachineTransition_dfqhy"]
advance_mode = 2
advance_condition = &"rising"

[sub_resource type="AnimationNodeStateMachineTransition" id="AnimationNodeStateMachineTransition_bvgxi"]
xfade_time = 0.1
advance_mode = 2
advance_condition = &"walking"

[sub_resource type="AnimationNodeStateMachineTransition" id="AnimationNodeStateMachineTransition_fc0ry"]
advance_mode = 2
advance_condition = &"idle"

[sub_resource type="AnimationNodeStateMachineTransition" id="AnimationNodeStateMachineTransition_oqmbc"]
switch_mode = 2
advance_mode = 2

[sub_resource type="AnimationNodeStateMachineTransition" id="AnimationNodeStateMachineTransition_wy5yg"]
xfade_time = 0.1
advance_mode = 2
advance_condition = &"falling"

[sub_resource type="AnimationNodeStateMachineTransition" id="AnimationNodeStateMachineTransition_qhl63"]
xfade_time = 0.1
advance_mode = 2
advance_condition = &"njumping"

[sub_resource type="AnimationNodeStateMachineTransition" id="AnimationNodeStateMachineTransition_wkfsw"]
xfade_time = 0.1
advance_mode = 2
advance_condition = &"falling"

[sub_resource type="AnimationNodeStateMachineTransition" id="AnimationNodeStateMachineTransition_jnew1"]
xfade_time = 0.1
advance_mode = 2
advance_condition = &"falling"

[sub_resource type="AnimationNodeStateMachineTransition" id="AnimationNodeStateMachineTransition_ixw0m"]
xfade_time = 0.1
advance_mode = 2
advance_condition = &"falling"

[sub_resource type="AnimationNodeStateMachine" id="AnimationNodeStateMachine_dvr6n"]
states/BlendTree/node = SubResource("AnimationNodeBlendTree_73ggs")
states/BlendTree/position = Vector2(562.089, -346.902)
states/End/position = Vector2(117, 267)
states/Idle/node = SubResource("AnimationNodeAnimation_njnb1")
states/Idle/position = Vector2(532, 206)
states/Jog/node = SubResource("AnimationNodeAnimation_nx30r")
states/Jog/position = Vector2(993, 11)
states/Jump_End/node = SubResource("AnimationNodeAnimation_mbgg0")
states/Jump_End/position = Vector2(1065.95, -229)
states/Jump_Fall/node = SubResource("AnimationNodeAnimation_i1b6e")
states/Jump_Fall/position = Vector2(879.953, -346.902)
states/Jump_Start/node = SubResource("AnimationNodeAnimation_4k6m8")
states/Jump_Start/position = Vector2(245.953, -297)
states/Start/position = Vector2(117, 200)
states/Walk/node = SubResource("AnimationNodeAnimation_wgvnp")
states/Walk/position = Vector2(220, -6)
transitions = ["Start", "Idle", SubResource("AnimationNodeStateMachineTransition_sjeni"), "Idle", "Walk", SubResource("AnimationNodeStateMachineTransition_iqjn2"), "Walk", "Idle", SubResource("AnimationNodeStateMachineTransition_8s2p3"), "Walk", "Jog", SubResource("AnimationNodeStateMachineTransition_4a4l1"), "Idle", "Jog", SubResource("AnimationNodeStateMachineTransition_xtyqe"), "Idle", "Jump_Start", SubResource("AnimationNodeStateMachineTransition_64p1j"), "Walk", "Jump_Start", SubResource("AnimationNodeStateMachineTransition_8gjk6"), "Jump_Fall", "Jump_End", SubResource("AnimationNodeStateMachineTransition_wwwdk"), "Jump_End", "Idle", SubResource("AnimationNodeStateMachineTransition_6yrxr"), "Jump_End", "Walk", SubResource("AnimationNodeStateMachineTransition_dpqsu"), "Jump_End", "Jog", SubResource("AnimationNodeStateMachineTransition_ye88n"), "Jog", "Jump_Start", SubResource("AnimationNodeStateMachineTransition_dfqhy"), "Jog", "Walk", SubResource("AnimationNodeStateMachineTransition_bvgxi"), "Jog", "Idle", SubResource("AnimationNodeStateMachineTransition_fc0ry"), "Jump_Start", "BlendTree", SubResource("AnimationNodeStateMachineTransition_oqmbc"), "BlendTree", "Jump_Fall", SubResource("AnimationNodeStateMachineTransition_wy5yg"), "BlendTree", "Jump_End", SubResource("AnimationNodeStateMachineTransition_qhl63"), "Walk", "Jump_Fall", SubResource("AnimationNodeStateMachineTransition_wkfsw"), "Jog", "Jump_Fall", SubResource("AnimationNodeStateMachineTransition_jnew1"), "Idle", "Jump_Fall", SubResource("AnimationNodeStateMachineTransition_ixw0m")]
graph_offset = Vector2(81.089, -414.902)

[sub_resource type="Curve" id="Curve_m2nrn"]
_data = [Vector2(0, 0.190909), 0.0, 0.0, 0, 0, Vector2(0.623809, 0.390909), 0.0, 0.0, 0, 0, Vector2(1, 0.0636363), 0.0, 0.0, 0, 0]
point_count = 3

[sub_resource type="CurveTexture" id="CurveTexture_lroyk"]
curve = SubResource("Curve_m2nrn")

[sub_resource type="ParticleProcessMaterial" id="ParticleProcessMaterial_al8aw"]
emission_shape = 3
emission_box_extents = Vector3(0.1, 0, 0.1)
direction = Vector3(0, 0, 0)
spread = 90.0
initial_velocity_max = 0.2
gravity = Vector3(0, 0.1, 0)
radial_accel_min = 0.5
radial_accel_max = 1.0
damping_max = 0.85
scale_min = 0.0
scale_max = 1.5
scale_curve = SubResource("CurveTexture_lroyk")

[sub_resource type="StandardMaterial3D" id="StandardMaterial3D_6htl0"]
albedo_color = Color(0.913725, 0.886275, 0.839216, 1)

[sub_resource type="SphereMesh" id="SphereMesh_2nc0h"]
material = SubResource("StandardMaterial3D_6htl0")
radius = 0.1
height = 0.1

[node name="Avatar" type="DclAvatar"]
script = ExtResource("1_kkscc")

[node name="Armature" type="Node3D" parent="."]

[node name="Skeleton3D" type="Skeleton3D" parent="Armature"]
transform = Transform3D(-0.01, -8.74228e-10, 3.82137e-17, 0, -4.37114e-10, -0.01, 8.74228e-10, -0.01, 4.37114e-10, 0, 0, 0)
bones/0/name = "Avatar_Hips"
bones/0/parent = -1
bones/0/rest = Transform3D(-0.999988, 0.00483291, 0.000220526, -0.000496694, -0.1479, 0.989002, 0.00481237, 0.98899, 0.147901, 0.923985, -1.0353, -99.6039)
bones/0/enabled = true
bones/0/position = Vector3(0.032573, -0.965592, -99.2959)
bones/0/rotation = Quaternion(-0.0237825, 0.656145, 0.753885, -0.0237826)
bones/0/scale = Vector3(1, 1, 1)
bones/1/name = "Avatar_Spine"
bones/1/parent = 0
bones/1/rest = Transform3D(-0.999988, -0.00481934, -0.00042376, 0.00483291, -0.991117, -0.132906, 0.000220526, -0.132907, 0.991129, -1.19209e-07, -7.00001, 9.53674e-07)
bones/1/enabled = true
bones/1/position = Vector3(0, -7, 0)
bones/1/rotation = Quaternion(-8.10413e-05, -0.0690739, 0.997609, -0.00232446)
bones/1/scale = Vector3(1, 1, 1)
bones/2/name = "Avatar_Spine1"
bones/2/parent = 1
bones/2/rest = Transform3D(1, -1.697e-10, -8.25158e-09, -1.697e-10, 0.999154, -0.0411142, 8.25158e-09, 0.0411142, 0.999154, 0, 14.0786, 0)
bones/2/enabled = true
bones/2/position = Vector3(0, 14.0786, 0)
bones/2/rotation = Quaternion(-0.0832625, 0.0336631, 0.00304632, 0.995954)
bones/2/scale = Vector3(1, 1, 1)
bones/3/name = "Avatar_Spine2"
bones/3/parent = 2
bones/3/rest = Transform3D(0.999947, 0.00382059, 0.00959373, -0.00355163, 0.999604, -0.0278976, -0.00969652, 0.027862, 0.999565, 0, 14.0786, 9.53674e-07)
bones/3/enabled = true
bones/3/position = Vector3(0, 14.0786, 9.53674e-07)
bones/3/rotation = Quaternion(0.0306674, -2.72848e-10, 0.000429789, 0.99953)
bones/3/scale = Vector3(1, 1, 1)
bones/4/name = "Avatar_LeftShoulder"
bones/4/parent = 3
bones/4/rest = Transform3D(0.0889715, 0.996034, -7.91623e-09, 0.996034, -0.0889715, 1.43755e-07, 1.42481e-07, -2.0675e-08, -1, 7.00001, 11.4315, -1.90735e-06)
bones/4/enabled = true
bones/4/position = Vector3(7, 11.4314, 0)
bones/4/rotation = Quaternion(0.738664, 0.674073, 7.65261e-07, 6.51793e-07)
bones/4/scale = Vector3(1, 1, 1)
bones/5/name = "Avatar_LeftArm"
bones/5/parent = 4
bones/5/rest = Transform3D(0.284117, -0.957815, 0.0432179, 0.958764, 0.283491, -0.0201038, 0.00700384, 0.0471476, 0.998863, -1.56541e-14, 10.7072, 1.04622e-07)
bones/5/enabled = true
bones/5/position = Vector3(-3.94032e-06, 10.7072, -6.74821e-07)
bones/5/rotation = Quaternion(-0.106031, 0.200379, 0.557807, 0.798409)
bones/5/scale = Vector3(1, 1, 1)
bones/6/name = "Avatar_LeftForeArm"
bones/6/parent = 5
bones/6/rest = Transform3D(0.997243, -0.00230583, 0.0741611, -0.0128615, 0.979014, 0.203389, -0.0730737, -0.203782, 0.976285, 5.99085e-06, 27.3238, 1.28068e-07)
bones/6/enabled = true
bones/6/position = Vector3(6.56742e-06, 27.3237, -1.58772e-06)
bones/6/rotation = Quaternion(-0.125211, 0.0370802, -0.00180334, 0.991435)
bones/6/scale = Vector3(1, 1, 1)
bones/7/name = "Avatar_LeftHand"
bones/7/parent = 6
bones/7/rest = Transform3D(0.964906, -0.0755808, 0.251483, 0.127715, 0.971858, -0.197944, -0.229445, 0.223116, 0.947404, -2.65079e-05, 26.7172, 2.62195e-07)
bones/7/enabled = true
bones/7/position = Vector3(-5.16467e-06, 26.7172, 3.24048e-07)
bones/7/rotation = Quaternion(-0.0339168, -0.0438449, 0.118717, 0.99138)
bones/7/scale = Vector3(1, 1, 1)
bones/8/name = "Avatar_LeftHandPinky1"
bones/8/parent = 7
bones/8/rest = Transform3D(0.792868, -0.596376, -0.125288, 0.579651, 0.801505, -0.146951, 0.188057, 0.0438896, 0.981177, -0.608784, 8.39432, 5.13687)
bones/8/enabled = true
bones/8/position = Vector3(-0.60877, 8.39429, 5.13688)
bones/8/rotation = Quaternion(0.0447105, -0.0860957, 0.374552, 0.922117)
bones/8/scale = Vector3(1, 1, 1)
bones/9/name = "Avatar_LeftHandPinky2"
bones/9/parent = 8
bones/9/rest = Transform3D(0.837014, -0.547181, -1.89058e-07, 0.547181, 0.837014, 0.00103567, -0.000566543, -0.000866978, 0.999999, -1.59513e-05, 3.49533, -9.10771e-07)
bones/9/enabled = true
bones/9/position = Vector3(2.46948e-07, 3.49534, -1.36664e-06)
bones/9/rotation = Quaternion(-0.000484913, 0.000181202, 0.349991, 0.936753)
bones/9/scale = Vector3(1, 1, 1)
bones/10/name = "Avatar_LeftHandPinky3"
bones/10/parent = 9
bones/10/rest = Transform3D(0.933405, -0.358825, -1.49041e-07, 0.358824, 0.933402, -0.00223052, 0.000800505, 0.00208192, 0.999997, -3.57452e-06, 2.42574, -1.06232e-06)
bones/10/enabled = true
bones/10/position = Vector3(2.98199e-06, 2.42574, -9.23087e-07)
bones/10/rotation = Quaternion(0.00108906, -0.000240679, 0.215692, 0.976461)
bones/10/scale = Vector3(1, 1, 1)
bones/11/name = "Avatar_LeftHandPinky4"
bones/11/parent = 10
bones/11/rest = Transform3D(0.979317, -0.202091, -0.0098432, 0.201564, 0.970218, 0.134344, -0.0175998, -0.13355, 0.990886, -4.50944e-05, 1.77942, 3.59798e-07)
bones/11/enabled = true
bones/11/position = Vector3(-2.27424e-05, 1.77942, 1.33023e-06)
bones/11/rotation = Quaternion(-0.067478, 0.00195375, 0.101674, 0.992525)
bones/11/scale = Vector3(1, 1, 1)
bones/12/name = "Avatar_LeftHandMiddle1"
bones/12/parent = 7
bones/12/rest = Transform3D(0.960361, -0.249079, -0.125163, 0.234052, 0.964375, -0.123288, 0.151413, 0.0891063, 0.984446, 0.753323, 8.89661, -0.172112)
bones/12/enabled = true
bones/12/position = Vector3(0.75333, 8.8966, -0.172106)
bones/12/rotation = Quaternion(0.0488305, -0.0734339, 0.189132, 0.977984)
bones/12/scale = Vector3(1, 1, 1)
bones/13/name = "Avatar_LeftHandMiddle2"
bones/13/parent = 12
bones/13/rest = Transform3D(0.890998, -0.454007, -1.52553e-07, 0.454007, 0.890998, -1.63344e-05, 7.55184e-06, 1.44846e-05, 1, -1.66605e-06, 4.97609, -1.86941e-06)
bones/13/enabled = true
bones/13/position = Vector3(-4.60769e-06, 4.97608, -4.75095e-07)
bones/13/rotation = Quaternion(7.81154e-06, -2.4076e-06, 0.299048, 0.954238)
bones/13/scale = Vector3(1, 1, 1)
bones/14/name = "Avatar_LeftHandMiddle3"
bones/14/parent = 13
bones/14/rest = Transform3D(0.95599, -0.293398, 2.57035e-08, 0.293398, 0.95599, 1.71525e-05, -5.05709e-06, -1.63901e-05, 1, -5.75447e-06, 3.86527, 2.32101e-06)
bones/14/enabled = true
bones/14/position = Vector3(5.47529e-07, 3.86525, 4.07777e-07)
bones/14/rotation = Quaternion(-8.38086e-06, 1.54777e-06, 0.18177, 0.983341)
bones/14/scale = Vector3(1, 1, 1)
bones/15/name = "Avatar_LeftHandMiddle4"
bones/15/parent = 14
bones/15/rest = Transform3D(0.979312, -0.202357, 4.61604e-05, 0.202357, 0.979312, -0.000467944, 4.94862e-05, 0.000467604, 1, 1.59948e-05, 2.00562, 2.71676e-07)
bones/15/enabled = true
bones/15/position = Vector3(5.38084e-07, 2.00562, 4.5151e-07)
bones/15/rotation = Quaternion(0.000235106, -8.35777e-07, 0.101706, 0.994815)
bones/15/scale = Vector3(1, 1, 1)
bones/16/name = "Avatar_LeftHandRing1"
bones/16/parent = 7
bones/16/rest = Transform3D(0.890385, -0.437663, -0.125164, 0.423744, 0.897344, -0.123348, 0.1663, 0.05679, 0.984438, 0.277299, 8.82571, 2.6631)
bones/16/enabled = true
bones/16/position = Vector3(0.277311, 8.82569, 2.6631)
bones/16/rotation = Quaternion(0.0411641, -0.0780146, 0.287294, 0.953772)
bones/16/scale = Vector3(1, 1, 1)
bones/17/name = "Avatar_LeftHandRing2"
bones/17/parent = 16
bones/17/rest = Transform3D(0.905076, -0.425249, -1.19629e-08, 0.425249, 0.905076, 1.65643e-08, 3.78336e-09, -2.00791e-08, 1, 2.55156e-06, 4.08647, -2.28844e-07)
bones/17/enabled = true
bones/17/position = Vector3(-1.12596e-06, 4.08644, 1.4469e-07)
bones/17/rotation = Quaternion(2.20204e-08, 1.86262e-08, 0.283732, 0.958904)
bones/17/scale = Vector3(1, 1, 1)
bones/18/name = "Avatar_LeftHandRing3"
bones/18/parent = 17
bones/18/rest = Transform3D(0.891513, -0.452995, -1.50247e-07, 0.452995, 0.891513, -2.37956e-07, 2.4174e-07, 1.4408e-07, 1, 1.77637e-06, 3.26353, -9.50092e-08)
bones/18/enabled = true
bones/18/position = Vector3(9.39058e-06, 3.26354, 3.36185e-06)
bones/18/rotation = Quaternion(7.67326e-08, -7.25798e-08, 0.265726, 0.964049)
bones/18/scale = Vector3(1, 1, 1)
bones/19/name = "Avatar_LeftHandRing4"
bones/19/parent = 18
bones/19/rest = Transform3D(0.979311, -0.202363, 1.12492e-07, 0.202363, 0.97931, -1.17628e-07, -8.63605e-08, 1.37959e-07, 1, -6.61308e-07, 2.12079, -3.91093e-07)
bones/19/enabled = true
bones/19/position = Vector3(1.13817e-05, 2.12078, 6.90783e-07)
bones/19/rotation = Quaternion(6.42298e-08, 4.99722e-08, 0.101709, 0.994814)
bones/19/scale = Vector3(1, 1, 1)
bones/20/name = "Avatar_LeftHandThumb1"
bones/20/parent = 7
bones/20/rest = Transform3D(0.843312, -0.524159, -0.118666, 0.537059, 0.830072, 0.150158, 0.0197945, -0.190361, 0.981515, -1.20181, 3.69814, -4.87047)
bones/20/enabled = true
bones/20/position = Vector3(-1.20179, 3.69811, -4.87046)
bones/20/rotation = Quaternion(-0.0890582, -0.036212, 0.277548, 0.955889)
bones/20/scale = Vector3(1, 1, 1)
bones/21/name = "Avatar_LeftHandThumb2"
bones/21/parent = 20
bones/21/rest = Transform3D(0.979328, 0.201644, -0.0160242, -0.20228, 0.976221, -0.0779434, -7.3622e-05, 0.0795735, 0.996829, -1.64964e-05, 2.66474, 1.65952e-06)
bones/21/enabled = true
bones/21/position = Vector3(1.03414e-05, 2.66474, -7.25895e-06)
bones/21/rotation = Quaternion(0.0711891, -0.00723868, -0.101408, 0.992268)
bones/21/scale = Vector3(1, 1, 1)
bones/22/name = "Avatar_LeftHandThumb3"
bones/22/parent = 21
bones/22/rest = Transform3D(1, 0.000118796, -1.4421e-05, -0.000118913, 0.972939, -0.231062, -1.34185e-05, 0.231062, 0.972939, -2.67538e-06, 2.88594, -6.69547e-07)
bones/22/enabled = true
bones/22/position = Vector3(-1.37097e-05, 2.88597, 2.18302e-06)
bones/22/rotation = Quaternion(0.116321, -2.65631e-07, -5.97995e-05, 0.993212)
bones/22/scale = Vector3(1, 1, 1)
bones/23/name = "Avatar_LeftHandThumb4"
bones/23/parent = 22
bones/23/rest = Transform3D(1, 3.80538e-09, 1.86919e-07, -3.80528e-09, 1, -5.3631e-07, -1.86919e-07, 5.3631e-07, 1, 1.78218e-05, 2.74387, -3.07157e-06)
bones/23/enabled = true
bones/23/position = Vector3(2.10699e-05, 2.74387, -2.89705e-06)
bones/23/rotation = Quaternion(2.68155e-07, 9.34592e-08, -1.90267e-09, 1)
bones/23/scale = Vector3(1, 1, 1)
bones/24/name = "Avatar_LeftHandIndex1"
bones/24/parent = 7
bones/24/rest = Transform3D(0.984662, -0.121797, -0.124923, 0.110306, 0.989335, -0.0951264, 0.135177, 0.0798876, 0.987596, 0.778794, 9.23482, -2.75752)
bones/24/enabled = true
bones/24/position = Vector3(0.778809, 9.23481, -2.75751)
bones/24/rotation = Quaternion(0.0394195, -0.0681785, 0.125857, 0.988918)
bones/24/scale = Vector3(1, 1, 1)
bones/25/name = "Avatar_LeftHandIndex2"
bones/25/parent = 24
bones/25/rest = Transform3D(0.941116, -0.338083, -5.14701e-08, 0.338083, 0.941115, -0.00132398, 0.000447663, 0.001246, 0.999999, -1.58092e-06, 5.18384, 1.95092e-06)
bones/25/enabled = true
bones/25/position = Vector3(1.7291e-06, 5.18387, 1.13745e-07)
bones/25/rotation = Quaternion(0.000643046, -0.000157786, 0.238193, 0.971218)
bones/25/scale = Vector3(1, 1, 1)
bones/26/name = "Avatar_LeftHandIndex3"
bones/26/parent = 25
bones/26/rest = Transform3D(0.961397, -0.275164, 2.24099e-08, 0.27516, 0.961385, 0.00499707, -0.00137503, -0.00480417, 0.999987, 3.6955e-06, 3.41516, -2.70153e-06)
bones/26/enabled = true
bones/26/position = Vector3(-6.71784e-07, 3.41513, -1.82798e-06)
bones/26/rotation = Quaternion(-0.0024611, 0.000430818, 0.17241, 0.985022)
bones/26/scale = Vector3(1, 1, 1)
bones/27/name = "Avatar_LeftHandIndex4"
bones/27/parent = 26
bones/27/rest = Transform3D(1, -1.67613e-08, 4.65659e-09, 1.67613e-08, 1, 2.0489e-08, -4.65658e-09, -2.0489e-08, 1, 1.09639e-07, 2.12737, 2.21133e-06)
bones/27/enabled = true
bones/27/position = Vector3(1.82478e-05, 2.12739, 1.30804e-06)
bones/27/rotation = Quaternion(-1.02445e-08, 2.32829e-09, 8.38066e-09, 1)
bones/27/scale = Vector3(1, 1, 1)
bones/28/name = "Avatar_RightShoulder"
bones/28/parent = 3
bones/28/rest = Transform3D(-0.0567455, -0.998389, 4.21817e-09, 0.998389, -0.0567455, 3.47738e-09, -3.23241e-09, 4.4087e-09, 1, -7.00001, 11.4314, 9.53674e-07)
bones/28/enabled = true
bones/28/position = Vector3(-7, 11.4314, 0)
bones/28/rotation = Quaternion(4.1098e-07, 4.1586e-07, 0.739563, 0.673088)
bones/28/scale = Vector3(1, 1, 1)
bones/29/name = "Avatar_RightArm"
bones/29/parent = 28
bones/29/rest = Transform3D(0.340422, -0.925969, -0.163384, 0.92722, 0.359442, -0.10519, 0.15613, -0.115684, 0.980939, -1.52835e-05, 10.7072, -3.59803e-07)
bones/29/enabled = true
bones/29/position = Vector3(-5.20355e-06, 10.7072, -6.82453e-07)
bones/29/rotation = Quaternion(0.0596701, -0.181491, 0.57458, 0.795838)
bones/29/scale = Vector3(1, 1, 1)
bones/30/name = "Avatar_RightForeArm"
bones/30/parent = 29
bones/30/rest = Transform3D(0.997243, -0.0239889, -0.0702122, -0.0128615, 0.876077, -0.481999, 0.0730739, 0.481574, 0.873354, -1.69426e-06, 27.3238, 1.47974e-06)
bones/30/enabled = true
bones/30/position = Vector3(-3.49805e-06, 27.3237, -4.76837e-07)
bones/30/rotation = Quaternion(0.131822, -0.0370915, -0.00155592, 0.990578)
bones/30/scale = Vector3(1, 1, 1)
bones/31/name = "Avatar_RightHand"
bones/31/parent = 30
bones/31/rest = Transform3D(0.941192, -0.33447, -0.0478147, 0.280814, 0.853074, -0.439783, 0.187884, 0.400493, 0.896831, -1.1508e-05, 26.7172, 2.57589e-06)
bones/31/enabled = true
bones/31/position = Vector3(-1.27698e-05, 26.7172, 2.50344e-07)
bones/31/rotation = Quaternion(0.0359712, -0.0384635, 0.082909, 0.995165)
bones/31/scale = Vector3(1, 1, 1)
bones/32/name = "Avatar_RightHandIndex1"
bones/32/parent = 31
bones/32/rest = Transform3D(0.985756, -0.1126, 0.124923, 0.101066, 0.990321, 0.0951265, -0.134426, -0.081146, 0.987596, 0.778914, 9.23478, 2.7575)
bones/32/enabled = true
bones/32/position = Vector3(0.778919, 9.23478, 2.7575)
bones/32/rotation = Quaternion(-0.0411167, 0.0671688, 0.101022, 0.991762)
bones/32/scale = Vector3(1, 1, 1)
bones/33/name = "Avatar_RightHandIndex2"
bones/33/parent = 32
bones/33/rest = Transform3D(0.944231, -0.329282, -1.63272e-08, 0.329282, 0.944231, 0.00132375, -0.00043587, -0.00124993, 0.999999, -3.07681e-06, 5.18386, 9.92684e-07)
bones/33/enabled = true
bones/33/position = Vector3(-2.13826e-06, 5.18387, -1.36862e-06)
bones/33/rotation = Quaternion(-0.000646603, 0.000141513, 0.213766, 0.976885)
bones/33/scale = Vector3(1, 1, 1)
bones/34/name = "Avatar_RightHandIndex3"
bones/34/parent = 33
bones/34/rest = Transform3D(0.963903, -0.266252, 3.07919e-08, 0.266248, 0.963892, -0.00499646, 0.00133029, 0.00481612, 0.999988, 8.47719e-06, 3.41518, 4.74706e-06)
bones/34/enabled = true
bones/34/position = Vector3(1.26962e-06, 3.41516, 1.08356e-06)
bones/34/rotation = Quaternion(0.00247166, -0.000364042, 0.145723, 0.989322)
bones/34/scale = Vector3(1, 1, 1)
bones/35/name = "Avatar_RightHandIndex4"
bones/35/parent = 34
bones/35/rest = Transform3D(1, -1.67638e-08, -2.08616e-07, 1.67637e-08, 1, -6.83591e-07, 2.08616e-07, 6.83591e-07, 1, -2.11444e-05, 2.12736, 1.38977e-06)
bones/35/enabled = true
bones/35/position = Vector3(-3.52909e-05, 2.12736, -8.82456e-07)
bones/35/rotation = Quaternion(3.41795e-07, -1.04308e-07, 8.38186e-09, 1)
bones/35/scale = Vector3(1, 1, 1)
bones/36/name = "Avatar_RightHandMiddle1"
bones/36/parent = 31
bones/36/rest = Transform3D(0.962645, -0.240103, 0.125163, 0.225039, 0.966518, 0.123288, -0.150574, -0.0905154, 0.984446, 0.753402, 8.89661, 0.172092)
bones/36/enabled = true
bones/36/position = Vector3(0.753395, 8.89661, 0.172096)
bones/36/rotation = Quaternion(-0.0506563, 0.0721864, 0.16455, 0.982419)
bones/36/scale = Vector3(1, 1, 1)
bones/37/name = "Avatar_RightHandMiddle2"
bones/37/parent = 36
bones/37/rest = Transform3D(0.895197, -0.445671, 2.55177e-08, 0.445671, 0.895197, 1.65323e-05, -7.39082e-06, -1.47883e-05, 1, 1.98516e-06, 4.97607, -2.79843e-07)
bones/37/enabled = true
bones/37/position = Vector3(-9.0353e-07, 4.97607, -2.18782e-06)
bones/37/rotation = Quaternion(-7.90942e-06, 2.27922e-06, 0.275028, 0.961436)
bones/37/scale = Vector3(1, 1, 1)
bones/38/name = "Avatar_RightHandMiddle3"
bones/38/parent = 37
bones/38/rest = Transform3D(0.958661, -0.284551, -1.10335e-08, 0.284551, 0.958661, -1.72477e-05, 4.91842e-06, 1.65315e-05, 1, -3.81483e-06, 3.86528, 3.43048e-08)
bones/38/enabled = true
bones/38/position = Vector3(3.81469e-06, 3.8653, 4.14512e-07)
bones/38/rotation = Quaternion(8.47088e-06, -1.34788e-06, 0.155041, 0.987908)
bones/38/scale = Vector3(1, 1, 1)
bones/39/name = "Avatar_RightHandMiddle4"
bones/39/parent = 38
bones/39/rest = Transform3D(1, -1.11759e-08, -1.49012e-08, 1.11759e-08, 1, 1.11686e-08, 1.49012e-08, -1.11686e-08, 1, -1.89929e-05, 2.00563, -4.14467e-06)
bones/39/enabled = true
bones/39/position = Vector3(-1.19209e-07, 2.00564, -2.00371e-06)
bones/39/rotation = Quaternion(-5.5843e-09, -7.45058e-09, 5.58794e-09, 1)
bones/39/scale = Vector3(1, 1, 1)
bones/40/name = "Avatar_RightHandThumb1"
bones/40/parent = 31
bones/40/rest = Transform3D(0.843313, -0.524158, 0.118667, 0.537058, 0.830074, -0.150157, -0.0197961, 0.19036, 0.981515, -1.20172, 3.69811, 4.87046)
bones/40/enabled = true
bones/40/position = Vector3(-1.20172, 3.69812, 4.87047)
bones/40/rotation = Quaternion(0.0890578, 0.0362132, 0.277546, 0.95589)
bones/40/scale = Vector3(1, 1, 1)
bones/41/name = "Avatar_RightHandThumb2"
bones/41/parent = 40
bones/41/rest = Transform3D(0.979328, 0.201659, 0.0158023, -0.202277, 0.976306, 0.076874, 7.44201e-05, -0.0784813, 0.996916, -6.83373e-06, 2.66476, -1.65683e-06)
bones/41/enabled = true
bones/41/position = Vector3(1.02641e-05, 2.66476, 6.56018e-07)
bones/41/rotation = Quaternion(-0.0698378, 0.00709967, -0.101417, 0.992364)
bones/41/scale = Vector3(1, 1, 1)
bones/42/name = "Avatar_RightHandThumb3"
bones/42/parent = 41
bones/42/rest = Transform3D(1, 0.000118697, 1.44334e-05, -0.00011882, 0.972938, 0.231064, 1.33838e-05, -0.231064, 0.972939, 1.12641e-06, 2.88592, 2.19098e-07)
bones/42/enabled = true
bones/42/position = Vector3(2.79746e-06, 2.88593, 2.28323e-07)
bones/42/rotation = Quaternion(-0.116321, 2.24688e-07, -5.98386e-05, 0.993212)
bones/42/scale = Vector3(1, 1, 1)
bones/43/name = "Avatar_RightHandThumb4"
bones/43/parent = 42
bones/43/rest = Transform3D(1, -1.49266e-08, -4.99761e-12, 1.49266e-08, 1, -2.23645e-08, 4.99795e-12, 2.23645e-08, 1, 2.18495e-05, 2.74388, -2.04751e-06)
bones/43/enabled = true
bones/43/position = Vector3(4.93624e-06, 2.74388, -9.76186e-07)
bones/43/rotation = Quaternion(1.11822e-08, -2.49889e-12, 7.46331e-09, 1)
bones/43/scale = Vector3(1, 1, 1)
bones/44/name = "Avatar_RightHandRing1"
bones/44/parent = 31
bones/44/rest = Transform3D(0.894432, -0.429331, 0.125164, 0.415348, 0.901261, 0.123348, -0.165762, -0.0583398, 0.984439, 0.277361, 8.82568, -2.66309)
bones/44/enabled = true
bones/44/position = Vector3(0.277353, 8.82568, -2.6631)
bones/44/rotation = Quaternion(-0.043107, 0.076958, 0.26329, 0.960676)
bones/44/scale = Vector3(1, 1, 1)
bones/45/name = "Avatar_RightHandRing2"
bones/45/parent = 44
bones/45/rest = Transform3D(0.909007, -0.416781, -3.13563e-08, 0.416781, 0.909007, -5.91199e-08, 5.31432e-08, 4.06717e-08, 1, 3.71949e-06, 4.08645, 4.11368e-06)
bones/45/enabled = true
bones/45/position = Vector3(5.46542e-06, 4.08645, -4.54797e-07)
bones/45/rotation = Quaternion(-8.41673e-09, -5.81005e-09, 0.2596, 0.965716)
bones/45/scale = Vector3(1, 1, 1)
bones/46/name = "Avatar_RightHandRing3"
bones/46/parent = 45
bones/46/rest = Transform3D(0.895661, -0.444737, 6.00408e-08, 0.444737, 0.895661, 2.36961e-07, -1.59161e-07, -1.85534e-07, 1, 1.14441e-05, 3.26353, 9.487e-08)
bones/46/enabled = true
bones/46/position = Vector3(-4.12762e-06, 3.26354, 4.71373e-07)
bones/46/rotation = Quaternion(-8.74138e-08, 1.54988e-08, 0.239579, 0.970877)
bones/46/scale = Vector3(1, 1, 1)
bones/47/name = "Avatar_RightHandRing4"
bones/47/parent = 46
bones/47/rest = Transform3D(1, 1.49012e-08, 7.11096e-08, -1.49012e-08, 1, 4.49679e-07, -7.11097e-08, -4.49679e-07, 1, -1.52588e-05, 2.12079, 3.64287e-07)
bones/47/enabled = true
bones/47/position = Vector3(-2.31266e-05, 2.12079, -6.75327e-07)
bones/47/rotation = Quaternion(-2.2484e-07, 3.55548e-08, -7.45059e-09, 1)
bones/47/scale = Vector3(1, 1, 1)
bones/48/name = "Avatar_RightHandPinky1"
bones/48/parent = 31
bones/48/rest = Transform3D(0.798399, -0.58895, 0.125288, 0.572145, 0.80688, 0.146951, -0.187639, -0.0456426, 0.981177, -0.608726, 8.39429, -5.13688)
bones/48/enabled = true
bones/48/position = Vector3(-0.608719, 8.39428, -5.13687)
bones/48/rotation = Quaternion(-0.0468551, 0.0849475, 0.351314, 0.931218)
bones/48/scale = Vector3(1, 1, 1)
bones/49/name = "Avatar_RightHandPinky2"
bones/49/parent = 48
bones/49/rest = Transform3D(0.842085, -0.539344, -6.66478e-08, 0.539344, 0.842085, -0.00103556, 0.000558581, 0.000871996, 0.999999, -1.96445e-05, 3.49533, 4.47219e-06)
bones/49/enabled = true
bones/49/position = Vector3(5.44842e-06, 3.49533, 1.61064e-07)
bones/49/rotation = Quaternion(0.000489323, -0.000168933, 0.326394, 0.945234)
bones/49/scale = Vector3(1, 1, 1)
bones/50/name = "Avatar_RightHandPinky3"
bones/50/parent = 49
bones/50/rest = Transform3D(0.936681, -0.350183, -3.27127e-08, 0.350182, 0.936679, 0.00223036, -0.000781003, -0.00208914, 0.999997, -1.76992e-07, 2.42574, -8.05836e-06)
bones/50/enabled = true
bones/50/position = Vector3(1.03588e-05, 2.42575, 3.84085e-06)
bones/50/rotation = Quaternion(-0.00109498, 0.000210962, 0.18918, 0.981942)
bones/50/scale = Vector3(1, 1, 1)
bones/51/name = "Avatar_RightHandPinky4"
bones/51/parent = 50
bones/51/rest = Transform3D(1, 1.49788e-10, 2.30964e-07, -1.49841e-10, 1, 2.28176e-07, -2.30964e-07, -2.28176e-07, 1, -2.94992e-05, 1.77944, 4.34719e-08)
bones/51/enabled = true
bones/51/position = Vector3(-7.68874e-06, 1.77943, -2.05917e-07)
bones/51/rotation = Quaternion(-1.14088e-07, 1.15482e-07, -7.49074e-11, 1)
bones/51/scale = Vector3(1, 1, 1)
bones/52/name = "Avatar_Neck"
bones/52/parent = 3
bones/52/rest = Transform3D(1, -4.13339e-10, 4.60511e-10, 4.01568e-10, 0.999681, 0.0252743, -4.70811e-10, -0.0252743, 0.999681, -2.98023e-08, 14.0786, -9.53674e-07)
bones/52/enabled = true
bones/52/position = Vector3(0, 14.0786, -3.63798e-12)
bones/52/rotation = Quaternion(0.0454935, -0.075337, 0.00366898, 0.996113)
bones/52/scale = Vector3(1, 1, 1)
bones/53/name = "Avatar_Head"
bones/53/parent = 52
bones/53/rest = Transform3D(0.999947, -0.00317072, -0.00982767, 0.0035769, 0.999128, 0.0415916, 0.00968723, -0.0416245, 0.999086, -2.98023e-08, 24.2357, 9.53674e-07)
bones/53/enabled = true
bones/53/position = Vector3(0, 24.2356, -3.63798e-12)
bones/53/rotation = Quaternion(0.00199656, 0.074859, -0.00792346, 0.997161)
bones/53/scale = Vector3(1, 1, 1)
bones/54/name = "Avatar_LeftUpLeg"
bones/54/parent = 0
bones/54/rest = Transform3D(0.997512, 0.0219394, -0.0670009, -0.0355074, 0.977357, -0.208601, 0.0609071, 0.210461, 0.975704, -8.91001, 6.27001, 9.53434e-07)
bones/54/enabled = true
bones/54/position = Vector3(-8.91, 6.27001, 0)
bones/54/rotation = Quaternion(0.139274, -0.0297577, 0.00666806, 0.989784)
bones/54/scale = Vector3(1, 1, 1)
bones/55/name = "Avatar_LeftLeg"
bones/55/parent = 54
bones/55/rest = Transform3D(1, 6.71398e-08, -5.56557e-08, -5.72918e-08, 0.986926, 0.161174, 6.57492e-08, -0.161174, 0.986926, 1.24653e-06, 44.89, -1.01656e-06)
bones/55/enabled = true
bones/55/position = Vector3(1.72337e-06, 44.89, 4.13156e-07)
bones/55/rotation = Quaternion(-0.126845, -3.25743e-08, -2.38159e-08, 0.991923)
bones/55/scale = Vector3(1, 1, 1)
bones/56/name = "Avatar_LeftFoot"
bones/56/parent = 55
bones/56/rest = Transform3D(-0.997101, -0.0750265, 0.0126016, -0.0138884, 0.342371, 0.939461, -0.074799, 0.936564, -0.34242, -4.59212e-07, 40.7134, -3.43238e-07)
bones/56/enabled = true
bones/56/position = Vector3(-2.55031e-06, 40.7121, -0.000176152)
bones/56/rotation = Quaternion(-0.0313979, 0.813794, 0.57656, 0.065826)
bones/56/scale = Vector3(0.999999, 0.999999, 0.999999)
bones/57/name = "Avatar_LeftToeBase"
bones/57/parent = 56
bones/57/rest = Transform3D(1, -1.27078e-06, 4.53196e-07, 9.46873e-07, 0.900325, 0.435218, -9.61089e-07, -0.435218, 0.900325, -3.28246e-06, 14.3889, -1.38772e-06)
bones/57/enabled = true
bones/57/position = Vector3(-4.23613e-06, 14.3889, 1.07766e-06)
bones/57/rotation = Quaternion(-0.223243, 3.89366e-07, 5.39342e-07, 0.974763)
bones/57/scale = Vector3(1, 1, 1)
bones/58/name = "Avatar_RightUpLeg"
bones/58/parent = 0
bones/58/rest = Transform3D(0.998042, 0.0104228, 0.0616828, 0.012808, 0.93109, -0.364567, -0.061232, 0.364643, 0.929133, 8.91, 6.27002, 1.12473e-06)
bones/58/enabled = true
bones/58/position = Vector3(8.91, 6.27001, 0)
bones/58/rotation = Quaternion(0.0901011, -0.0388856, -0.00779552, 0.995143)
bones/58/scale = Vector3(1, 1, 1)
bones/59/name = "Avatar_RightLeg"
bones/59/parent = 58
bones/59/rest = Transform3D(1, 8.26855e-08, -1.44114e-08, -1.32309e-08, 0.324854, 0.945764, 8.28826e-08, -0.945765, 0.324854, -1.8398e-07, 44.89, -1.89992e-06)
bones/59/enabled = true
bones/59/position = Vector3(-2.09133e-06, 44.89, 7.78937e-07)
bones/59/rotation = Quaternion(-0.104642, -3.11135e-08, -7.04797e-09, 0.99451)
bones/59/scale = Vector3(1, 1, 1)
bones/60/name = "Avatar_RightFoot"
bones/60/parent = 59
bones/60/rest = Transform3D(-0.994932, 0.0787168, -0.0625448, 0.0189135, 0.757525, 0.65253, 0.0987445, 0.648041, -0.755176, 1.72421e-08, 40.7119, -0.000882811)
bones/60/enabled = true
bones/60/position = Vector3(-2.39923e-06, 40.7125, -0.000142192)
bones/60/rotation = Quaternion(0.034887, 0.79642, 0.59764, -0.0855833)
bones/60/scale = Vector3(0.999999, 0.999999, 0.999999)
bones/61/name = "Avatar_RightToeBase"
bones/61/parent = 60
bones/61/rest = Transform3D(0.999999, 0.00142604, -5.15458e-07, -0.00128367, 0.900324, 0.435218, 0.000621102, -0.435218, 0.900325, 3.76964e-06, 14.3889, -6.25001e-06)
bones/61/enabled = true
bones/61/position = Vector3(5.51915e-06, 14.3889, -1.22584e-07)
bones/61/rotation = Quaternion(-0.223243, -0.000159455, -0.000694985, 0.974763)
bones/61/scale = Vector3(1, 1, 1)

[node name="AnimationPlayer" type="AnimationPlayer" parent="Armature"]
root_node = NodePath("../..")
libraries = {
"": ExtResource("2_dv5vj")
}

[node name="AnimationTree" type="AnimationTree" parent="Armature"]
root_node = NodePath("../..")
libraries = {
"": ExtResource("2_dv5vj")
}
tree_root = SubResource("AnimationNodeStateMachine_dvr6n")
anim_player = NodePath("../AnimationPlayer")
parameters/conditions/falling = false
parameters/conditions/idle = false
parameters/conditions/nfalling = false
parameters/conditions/njumping = false
parameters/conditions/rising = false
parameters/conditions/running = false
parameters/conditions/walking = false
parameters/BlendTree/TimeScale/scale = 2.0

[node name="Label3D_Name" type="Label3D" parent="."]
transform = Transform3D(1, 0, 0, 0, 1, 0, 0, 0, 1, 0, 2.09995, 0)
billboard = 2
font_size = 20
outline_size = 6

[node name="GPUParticles3D_Move" type="GPUParticles3D" parent="."]
transform = Transform3D(1, 0, 0, 0, 1, 0, 0, 0, 1, 0, -1.02931, -0.00253904)
amount = 2
lifetime = 0.5
visibility_aabb = AABB(-4, -3.88281, -4, 8, 8, 8)
process_material = SubResource("ParticleProcessMaterial_al8aw")
draw_pass_1 = SubResource("SphereMesh_2nc0h")

[node name="GPUParticles3D_Jump" type="GPUParticles3D" parent="."]
transform = Transform3D(1, 0, 0, 0, 1, 0, 0, 0, 1, 0, -1.02931, -0.00253904)
emitting = false
amount = 10
lifetime = 0.5
one_shot = true
explosiveness = 1.0
visibility_aabb = AABB(-4, -3.88281, -4, 8, 8, 8)
process_material = SubResource("ParticleProcessMaterial_al8aw")
draw_pass_1 = SubResource("SphereMesh_2nc0h")

[node name="GPUParticles3D_Land" type="GPUParticles3D" parent="."]
transform = Transform3D(1, 0, 0, 0, 1, 0, 0, 0, 1, 0, -1.02931, -0.00253904)
emitting = false
amount = 10
lifetime = 0.5
one_shot = true
explosiveness = 1.0
visibility_aabb = AABB(-4, -3.88281, -4, 8, 8, 8)
process_material = SubResource("ParticleProcessMaterial_al8aw")
draw_pass_1 = SubResource("SphereMesh_2nc0h")

[node name="avatar_modifier_area_detector" parent="." node_paths=PackedStringArray("avatar") instance=ExtResource("2_8o107")]
avatar = NodePath("..")

[connection signal="set_avatar_modifier_area" from="avatar_modifier_area_detector" to="." method="_on_set_avatar_modifier_area"]
[connection signal="unset_avatar_modifier_area" from="avatar_modifier_area_detector" to="." method="_unset_avatar_modifier_area"]
