[gd_scene load_steps=63 format=3 uid="uid://dvu5i0n51gph3"]

[ext_resource type="Script" path="res://src/decentraland_components/avatar.gd" id="1_kkscc"]
[ext_resource type="PackedScene" uid="uid://ci0fn7h7pxdmc" path="res://src/helpers_components/avatar_modifier_area_detector.tscn" id="2_8o107"]
[ext_resource type="AnimationLibrary" uid="uid://bfbk8s54f1krh" path="res://assets/animations/locomotion.res" id="2_dv5vj"]

[sub_resource type="AnimationNodeAnimation" id="AnimationNodeAnimation_njnb1"]
animation = &"Idle"

[sub_resource type="AnimationNodeAnimation" id="AnimationNodeAnimation_qdrer"]
animation = &"Jog"

[sub_resource type="AnimationNodeAnimation" id="AnimationNodeAnimation_vffr2"]
animation = &"Jump_End"

[sub_resource type="AnimationNodeAnimation" id="AnimationNodeAnimation_wq86h"]
animation = &"Jump_Fall"

[sub_resource type="AnimationNodeAnimation" id="AnimationNodeAnimation_8q87x"]
animation = &"Jump_Mid"

[sub_resource type="AnimationNodeAnimation" id="AnimationNodeAnimation_nt56a"]
animation = &"Jump_Rise"

[sub_resource type="AnimationNodeAnimation" id="AnimationNodeAnimation_gpsp6"]
animation = &"Jump_Start"

[sub_resource type="AnimationNodeAnimation" id="AnimationNodeAnimation_bu7up"]
animation = &"Run"

[sub_resource type="AnimationNodeAnimation" id="AnimationNodeAnimation_wdjxa"]
animation = &"Run_Jump_End"

[sub_resource type="AnimationNodeAnimation" id="AnimationNodeAnimation_5ywdg"]
animation = &"Run_Jump_Fall"

[sub_resource type="AnimationNodeAnimation" id="AnimationNodeAnimation_bhtbx"]
animation = &"Run_Jump_Mid"

[sub_resource type="AnimationNodeAnimation" id="AnimationNodeAnimation_7x8t1"]
animation = &"Run_Jump_Rise"

[sub_resource type="AnimationNodeAnimation" id="AnimationNodeAnimation_grwg0"]
animation = &"Run_Jump_Start"

[sub_resource type="AnimationNodeAnimation" id="AnimationNodeAnimation_xcont"]
animation = &"Walk"

[sub_resource type="AnimationNodeStateMachineTransition" id="AnimationNodeStateMachineTransition_sjeni"]
advance_mode = 2

[sub_resource type="AnimationNodeStateMachineTransition" id="AnimationNodeStateMachineTransition_wtmx6"]
xfade_time = 0.1
advance_mode = 2
advance_condition = &"jog"

[sub_resource type="AnimationNodeStateMachineTransition" id="AnimationNodeStateMachineTransition_2mj4e"]
xfade_time = 0.1
advance_mode = 2
advance_condition = &"idle"

[sub_resource type="AnimationNodeStateMachineTransition" id="AnimationNodeStateMachineTransition_qnh1y"]
xfade_time = 0.1
advance_mode = 2
advance_condition = &"walk"

[sub_resource type="AnimationNodeStateMachineTransition" id="AnimationNodeStateMachineTransition_u27o3"]
xfade_time = 0.1
advance_mode = 2
advance_condition = &"idle"

[sub_resource type="AnimationNodeStateMachineTransition" id="AnimationNodeStateMachineTransition_gdwh0"]
advance_mode = 2
advance_condition = &"rise"

[sub_resource type="AnimationNodeStateMachineTransition" id="AnimationNodeStateMachineTransition_tld2g"]
advance_mode = 2
advance_condition = &"rise"

[sub_resource type="AnimationNodeStateMachineTransition" id="AnimationNodeStateMachineTransition_dl5hj"]
xfade_time = 0.1
switch_mode = 2
advance_mode = 2

[sub_resource type="AnimationNodeStateMachineTransition" id="AnimationNodeStateMachineTransition_j8j2x"]
xfade_time = 0.1
advance_mode = 2
advance_condition = &"fall"

[sub_resource type="AnimationNodeStateMachineTransition" id="AnimationNodeStateMachineTransition_ki230"]
xfade_time = 0.1
switch_mode = 2
advance_mode = 2

[sub_resource type="AnimationNodeStateMachineTransition" id="AnimationNodeStateMachineTransition_prpyn"]
xfade_time = 0.1
advance_mode = 2
advance_condition = &"nfall"

[sub_resource type="AnimationNodeStateMachineTransition" id="AnimationNodeStateMachineTransition_5wen6"]
xfade_time = 0.1
switch_mode = 2
advance_mode = 2
advance_condition = &"idle"

[sub_resource type="AnimationNodeStateMachineTransition" id="AnimationNodeStateMachineTransition_hxemm"]
xfade_time = 0.1
advance_mode = 2
advance_condition = &"rise"

[sub_resource type="AnimationNodeStateMachineTransition" id="AnimationNodeStateMachineTransition_nmhcq"]
xfade_time = 0.1
advance_mode = 2
advance_condition = &"run"

[sub_resource type="AnimationNodeStateMachineTransition" id="AnimationNodeStateMachineTransition_3524b"]
xfade_time = 0.1
advance_mode = 2
advance_condition = &"idle"

[sub_resource type="AnimationNodeStateMachineTransition" id="AnimationNodeStateMachineTransition_l7387"]
advance_mode = 2
advance_condition = &"rise"

[sub_resource type="AnimationNodeStateMachineTransition" id="AnimationNodeStateMachineTransition_qidgv"]
switch_mode = 2
advance_mode = 2
advance_condition = &"walk"

[sub_resource type="AnimationNodeStateMachineTransition" id="AnimationNodeStateMachineTransition_wl2sx"]
advance_mode = 2
advance_condition = &"jog"

[sub_resource type="AnimationNodeStateMachineTransition" id="AnimationNodeStateMachineTransition_f2e5k"]
advance_mode = 2
advance_condition = &"run"

[sub_resource type="AnimationNodeStateMachineTransition" id="AnimationNodeStateMachineTransition_6fd18"]
switch_mode = 2
advance_mode = 2
advance_condition = &"jog"

[sub_resource type="AnimationNodeStateMachineTransition" id="AnimationNodeStateMachineTransition_301s4"]
switch_mode = 2
advance_mode = 2
advance_condition = &"run"

[sub_resource type="AnimationNodeStateMachineTransition" id="AnimationNodeStateMachineTransition_kcvi8"]
switch_mode = 2
advance_mode = 2
advance_condition = &"walk"

[sub_resource type="AnimationNodeStateMachineTransition" id="AnimationNodeStateMachineTransition_6lvlt"]
switch_mode = 2
advance_mode = 2
advance_condition = &"idle"

[sub_resource type="AnimationNodeStateMachineTransition" id="AnimationNodeStateMachineTransition_p1koq"]
switch_mode = 2
advance_mode = 2

[sub_resource type="AnimationNodeStateMachineTransition" id="AnimationNodeStateMachineTransition_4il2s"]
switch_mode = 2
advance_mode = 2

[sub_resource type="AnimationNodeStateMachineTransition" id="AnimationNodeStateMachineTransition_tggp5"]
advance_mode = 2
advance_condition = &"fall"

[sub_resource type="AnimationNodeStateMachineTransition" id="AnimationNodeStateMachineTransition_vdlve"]
advance_mode = 2
advance_condition = &"nfall"

[sub_resource type="AnimationNodeStateMachineTransition" id="AnimationNodeStateMachineTransition_eev0w"]
xfade_time = 0.1
advance_mode = 2
advance_condition = &"jog"

[sub_resource type="AnimationNodeStateMachineTransition" id="AnimationNodeStateMachineTransition_kthle"]
xfade_time = 0.1
advance_mode = 2
advance_condition = &"run"

[sub_resource type="AnimationNodeStateMachineTransition" id="AnimationNodeStateMachineTransition_qrl20"]
xfade_time = 0.1
advance_mode = 2
advance_condition = &"walk"

[sub_resource type="AnimationNodeStateMachineTransition" id="AnimationNodeStateMachineTransition_r5bic"]
xfade_time = 0.1
advance_mode = 2
advance_condition = &"jog"

[sub_resource type="AnimationNodeStateMachineTransition" id="AnimationNodeStateMachineTransition_pyd2w"]
xfade_time = 0.1
advance_mode = 2
advance_condition = &"walk"

[sub_resource type="AnimationNodeStateMachineTransition" id="AnimationNodeStateMachineTransition_p4ag8"]
xfade_time = 0.1
advance_mode = 2
advance_condition = &"run"

[sub_resource type="AnimationNodeStateMachineTransition" id="AnimationNodeStateMachineTransition_ihmew"]
xfade_time = 0.1
advance_mode = 2
advance_condition = &"land"

[sub_resource type="AnimationNodeStateMachineTransition" id="AnimationNodeStateMachineTransition_3l313"]
xfade_time = 0.1
advance_mode = 2
advance_condition = &"land"

[sub_resource type="AnimationNodeStateMachineTransition" id="AnimationNodeStateMachineTransition_8l6l8"]
xfade_time = 0.1
advance_mode = 2
advance_condition = &"fall"

[sub_resource type="AnimationNodeStateMachineTransition" id="AnimationNodeStateMachineTransition_j7ba3"]
xfade_time = 0.1
advance_mode = 2
advance_condition = &"fall"

[sub_resource type="AnimationNodeStateMachineTransition" id="AnimationNodeStateMachineTransition_gnida"]
xfade_time = 0.1
advance_mode = 2
advance_condition = &"fall"

[sub_resource type="AnimationNodeStateMachineTransition" id="AnimationNodeStateMachineTransition_vd3y3"]
xfade_time = 0.1
advance_mode = 2
advance_condition = &"fall"

[sub_resource type="AnimationNodeStateMachine" id="AnimationNodeStateMachine_dvr6n"]
states/End/position = Vector2(117, 267)
states/Idle/node = SubResource("AnimationNodeAnimation_njnb1")
states/Idle/position = Vector2(388, 205)
states/Jog/node = SubResource("AnimationNodeAnimation_qdrer")
states/Jog/position = Vector2(644, 200)
states/Jump_End/node = SubResource("AnimationNodeAnimation_vffr2")
states/Jump_End/position = Vector2(1148, 442.098)
states/Jump_Fall/node = SubResource("AnimationNodeAnimation_wq86h")
states/Jump_Fall/position = Vector2(1360, 339)
states/Jump_Mid/node = SubResource("AnimationNodeAnimation_8q87x")
states/Jump_Mid/position = Vector2(1356, 183)
states/Jump_Rise/node = SubResource("AnimationNodeAnimation_nt56a")
states/Jump_Rise/position = Vector2(1191, 183)
states/Jump_Start/node = SubResource("AnimationNodeAnimation_gpsp6")
states/Jump_Start/position = Vector2(1016, 194)
states/Run/node = SubResource("AnimationNodeAnimation_bu7up")
states/Run/position = Vector2(528.878, 27.098)
states/Run_Jump_End/node = SubResource("AnimationNodeAnimation_wdjxa")
states/Run_Jump_End/position = Vector2(1029.88, 116.098)
states/Run_Jump_Fall/node = SubResource("AnimationNodeAnimation_5ywdg")
states/Run_Jump_Fall/position = Vector2(1217.88, 37.098)
states/Run_Jump_Mid/node = SubResource("AnimationNodeAnimation_bhtbx")
states/Run_Jump_Mid/position = Vector2(1212, -43.902)
states/Run_Jump_Rise/node = SubResource("AnimationNodeAnimation_7x8t1")
states/Run_Jump_Rise/position = Vector2(1029.88, -43.902)
states/Run_Jump_Start/node = SubResource("AnimationNodeAnimation_grwg0")
states/Run_Jump_Start/position = Vector2(859.878, -43.902)
states/Start/position = Vector2(117, 200)
states/Walk/node = SubResource("AnimationNodeAnimation_xcont")
states/Walk/position = Vector2(528.878, 417.098)
transitions = ["Start", "Idle", SubResource("AnimationNodeStateMachineTransition_sjeni"), "Idle", "Jog", SubResource("AnimationNodeStateMachineTransition_wtmx6"), "Jog", "Idle", SubResource("AnimationNodeStateMachineTransition_2mj4e"), "Idle", "Walk", SubResource("AnimationNodeStateMachineTransition_qnh1y"), "Walk", "Idle", SubResource("AnimationNodeStateMachineTransition_u27o3"), "Walk", "Jump_Start", SubResource("AnimationNodeStateMachineTransition_gdwh0"), "Jog", "Jump_Start", SubResource("AnimationNodeStateMachineTransition_tld2g"), "Jump_Start", "Jump_Rise", SubResource("AnimationNodeStateMachineTransition_dl5hj"), "Jump_Rise", "Jump_Mid", SubResource("AnimationNodeStateMachineTransition_j8j2x"), "Jump_Mid", "Jump_Fall", SubResource("AnimationNodeStateMachineTransition_ki230"), "Jump_Fall", "Jump_End", SubResource("AnimationNodeStateMachineTransition_prpyn"), "Jump_End", "Idle", SubResource("AnimationNodeStateMachineTransition_5wen6"), "Idle", "Jump_Start", SubResource("AnimationNodeStateMachineTransition_hxemm"), "Idle", "Run", SubResource("AnimationNodeStateMachineTransition_nmhcq"), "Run", "Idle", SubResource("AnimationNodeStateMachineTransition_3524b"), "Run", "Run_Jump_Start", SubResource("AnimationNodeStateMachineTransition_l7387"), "Jump_End", "Walk", SubResource("AnimationNodeStateMachineTransition_qidgv"), "Jump_End", "Jog", SubResource("AnimationNodeStateMachineTransition_wl2sx"), "Jump_End", "Run", SubResource("AnimationNodeStateMachineTransition_f2e5k"), "Run_Jump_End", "Jog", SubResource("AnimationNodeStateMachineTransition_6fd18"), "Run_Jump_End", "Run", SubResource("AnimationNodeStateMachineTransition_301s4"), "Run_Jump_End", "Walk", SubResource("AnimationNodeStateMachineTransition_kcvi8"), "Run_Jump_End", "Idle", SubResource("AnimationNodeStateMachineTransition_6lvlt"), "Run_Jump_Start", "Run_Jump_Rise", SubResource("AnimationNodeStateMachineTransition_p1koq"), "Run_Jump_Mid", "Run_Jump_Fall", SubResource("AnimationNodeStateMachineTransition_4il2s"), "Run_Jump_Rise", "Run_Jump_Mid", SubResource("AnimationNodeStateMachineTransition_tggp5"), "Run_Jump_Fall", "Run_Jump_End", SubResource("AnimationNodeStateMachineTransition_vdlve"), "Run", "Jog", SubResource("AnimationNodeStateMachineTransition_eev0w"), "Jog", "Run", SubResource("AnimationNodeStateMachineTransition_kthle"), "Jog", "Walk", SubResource("AnimationNodeStateMachineTransition_qrl20"), "Walk", "Jog", SubResource("AnimationNodeStateMachineTransition_r5bic"), "Run", "Walk", SubResource("AnimationNodeStateMachineTransition_pyd2w"), "Walk", "Run", SubResource("AnimationNodeStateMachineTransition_p4ag8"), "Jump_Rise", "Jump_End", SubResource("AnimationNodeStateMachineTransition_ihmew"), "Run_Jump_Rise", "Run_Jump_End", SubResource("AnimationNodeStateMachineTransition_3l313"), "Run", "Run_Jump_Fall", SubResource("AnimationNodeStateMachineTransition_8l6l8"), "Jog", "Jump_Fall", SubResource("AnimationNodeStateMachineTransition_j7ba3"), "Walk", "Jump_Fall", SubResource("AnimationNodeStateMachineTransition_gnida"), "Idle", "Jump_Fall", SubResource("AnimationNodeStateMachineTransition_vd3y3")]
graph_offset = Vector2(338.878, 58.3672)

[sub_resource type="Curve" id="Curve_m2nrn"]
_data = [Vector2(0, 0.190909), 0.0, 0.0, 0, 0, Vector2(0.623809, 0.390909), 0.0, 0.0, 0, 0, Vector2(1, 0.0636363), 0.0, 0.0, 0, 0]
point_count = 3

[sub_resource type="CurveTexture" id="CurveTexture_lroyk"]
curve = SubResource("Curve_m2nrn")

[sub_resource type="ParticleProcessMaterial" id="ParticleProcessMaterial_al8aw"]
emission_shape = 3
emission_box_extents = Vector3(0.1, 0, 0.1)
direction = Vector3(0, 0, 0)
spread = 90.0
initial_velocity_max = 0.2
gravity = Vector3(0, 0.1, 0)
radial_accel_min = 0.5
radial_accel_max = 1.0
damping_max = 0.85
scale_min = 0.0
scale_max = 1.5
scale_curve = SubResource("CurveTexture_lroyk")

[sub_resource type="StandardMaterial3D" id="StandardMaterial3D_6htl0"]
albedo_color = Color(0.913725, 0.886275, 0.839216, 1)

[sub_resource type="SphereMesh" id="SphereMesh_2nc0h"]
material = SubResource("StandardMaterial3D_6htl0")
radius = 0.1
height = 0.1

[node name="Avatar" type="DclAvatar"]
script = ExtResource("1_kkscc")

[node name="Armature" type="Node3D" parent="."]

[node name="Skeleton3D" type="Skeleton3D" parent="Armature"]
transform = Transform3D(-0.01, -8.74228e-10, 3.82137e-17, 0, -4.37114e-10, -0.01, 8.74228e-10, -0.01, 4.37114e-10, 0, 0, 0)
bones/0/name = "Avatar_Hips"
bones/0/parent = -1
bones/0/rest = Transform3D(-0.999988, 0.00483291, 0.000220526, -0.000496694, -0.1479, 0.989002, 0.00481237, 0.98899, 0.147901, 0.923985, -1.0353, -99.6039)
bones/0/enabled = true
bones/0/position = Vector3(0.0212104, -0.629588, -98.7058)
bones/0/rotation = Quaternion(-0.023784, 0.674117, 0.737858, -0.023784)
bones/0/scale = Vector3(1, 1, 1)
bones/1/name = "Avatar_Spine"
bones/1/parent = 0
bones/1/rest = Transform3D(-0.999988, -0.00481934, -0.00042376, 0.00483291, -0.991117, -0.132906, 0.000220526, -0.132907, 0.991129, -1.19209e-07, -7.00001, 9.53674e-07)
bones/1/enabled = true
bones/1/position = Vector3(0, -7, 0)
bones/1/rotation = Quaternion(-3.68913e-05, -0.0450164, 0.998985, -0.00151488)
bones/1/scale = Vector3(1, 1, 1)
bones/2/name = "Avatar_Spine1"
bones/2/parent = 1
bones/2/rest = Transform3D(1, -1.697e-10, -8.25158e-09, -1.697e-10, 0.999154, -0.0411142, 8.25158e-09, 0.0411142, 0.999154, 0, 14.0786, 0)
bones/2/enabled = true
bones/2/position = Vector3(0, 14.0786, 0)
bones/2/rotation = Quaternion(-0.0712072, 0.0336901, 0.00269149, 0.996889)
bones/2/scale = Vector3(1, 1, 1)
bones/3/name = "Avatar_Spine2"
bones/3/parent = 2
bones/3/rest = Transform3D(0.999947, 0.00382059, 0.00959373, -0.00355163, 0.999604, -0.0278976, -0.00969652, 0.027862, 0.999565, 0, 14.0786, 9.53674e-07)
bones/3/enabled = true
bones/3/position = Vector3(0, 14.0786, 9.53674e-07)
bones/3/rotation = Quaternion(0.0497137, 1.00045e-10, 8.5512e-05, 0.998764)
bones/3/scale = Vector3(1, 1, 1)
bones/4/name = "Avatar_LeftShoulder"
bones/4/parent = 3
bones/4/rest = Transform3D(0.0889715, 0.996034, -7.91623e-09, 0.996034, -0.0889715, 1.43755e-07, 1.42481e-07, -2.0675e-08, -1, 7.00001, 11.4315, -1.90735e-06)
bones/4/enabled = true
bones/4/position = Vector3(7, 11.4314, 0)
bones/4/rotation = Quaternion(0.757988, 0.652269, 2.21859e-07, 6.3569e-08)
bones/4/scale = Vector3(1, 1, 1)
bones/5/name = "Avatar_LeftArm"
bones/5/parent = 4
bones/5/rest = Transform3D(0.284117, -0.957815, 0.0432179, 0.958764, 0.283491, -0.0201038, 0.00700384, 0.0471476, 0.998863, -1.56541e-14, 10.7072, 1.04622e-07)
bones/5/enabled = true
bones/5/position = Vector3(-3.94032e-06, 10.7072, -6.74821e-07)
bones/5/rotation = Quaternion(-0.0862639, 0.198645, 0.535935, 0.81601)
bones/5/scale = Vector3(1, 1, 1)
bones/6/name = "Avatar_LeftForeArm"
bones/6/parent = 5
bones/6/rest = Transform3D(0.997243, -0.00230583, 0.0741611, -0.0128615, 0.979014, 0.203389, -0.0730737, -0.203782, 0.976285, 5.99085e-06, 27.3238, 1.28068e-07)
bones/6/enabled = true
bones/6/position = Vector3(6.56742e-06, 27.3237, -1.58772e-06)
bones/6/rotation = Quaternion(-0.125795, 0.0370813, -0.0017815, 0.991361)
bones/6/scale = Vector3(1, 1, 1)
bones/7/name = "Avatar_LeftHand"
bones/7/parent = 6
bones/7/rest = Transform3D(0.964906, -0.0755808, 0.251483, 0.127715, 0.971858, -0.197944, -0.229445, 0.223116, 0.947404, -2.65079e-05, 26.7172, 2.62195e-07)
bones/7/enabled = true
bones/7/position = Vector3(-5.16467e-06, 26.7172, 3.24048e-07)
bones/7/rotation = Quaternion(-0.0390162, -0.0438706, 0.118818, 0.991179)
bones/7/scale = Vector3(1, 1, 1)
bones/8/name = "Avatar_LeftHandPinky1"
bones/8/parent = 7
bones/8/rest = Transform3D(0.792868, -0.596376, -0.125288, 0.579651, 0.801505, -0.146951, 0.188057, 0.0438896, 0.981177, -0.608784, 8.39432, 5.13687)
bones/8/enabled = true
bones/8/position = Vector3(-0.60877, 8.39429, 5.13688)
bones/8/rotation = Quaternion(0.0500972, -0.0830769, 0.315129, 0.944077)
bones/8/scale = Vector3(1, 1, 1)
bones/9/name = "Avatar_LeftHandPinky2"
bones/9/parent = 8
bones/9/rest = Transform3D(0.837014, -0.547181, -1.89058e-07, 0.547181, 0.837014, 0.00103567, -0.000566543, -0.000866978, 0.999999, -1.59513e-05, 3.49533, -9.10771e-07)
bones/9/enabled = true
bones/9/position = Vector3(2.46948e-07, 3.49534, -1.36664e-06)
bones/9/rotation = Quaternion(-0.000495478, 0.000149979, 0.289688, 0.957121)
bones/9/scale = Vector3(1, 1, 1)
bones/10/name = "Avatar_LeftHandPinky3"
bones/10/parent = 9
bones/10/rest = Transform3D(0.933405, -0.358825, -1.49041e-07, 0.358824, 0.933402, -0.00223052, 0.000800505, 0.00208192, 0.999997, -3.57452e-06, 2.42574, -1.06232e-06)
bones/10/enabled = true
bones/10/position = Vector3(2.98199e-06, 2.42574, -9.23087e-07)
bones/10/rotation = Quaternion(0.00109615, -0.000206039, 0.184634, 0.982807)
bones/10/scale = Vector3(1, 1, 1)
bones/11/name = "Avatar_LeftHandPinky4"
bones/11/parent = 10
bones/11/rest = Transform3D(0.979317, -0.202091, -0.0098432, 0.201564, 0.970218, 0.134344, -0.0175998, -0.13355, 0.990886, -4.50944e-05, 1.77942, 3.59798e-07)
bones/11/enabled = true
bones/11/position = Vector3(-2.27424e-05, 1.77942, 1.33023e-06)
bones/11/rotation = Quaternion(-0.067478, 0.00195375, 0.101674, 0.992525)
bones/11/scale = Vector3(1, 1, 1)
bones/12/name = "Avatar_LeftHandMiddle1"
bones/12/parent = 7
bones/12/rest = Transform3D(0.960361, -0.249079, -0.125163, 0.234052, 0.964375, -0.123288, 0.151413, 0.0891063, 0.984446, 0.753323, 8.89661, -0.172112)
bones/12/enabled = true
bones/12/position = Vector3(0.75333, 8.8966, -0.172106)
bones/12/rotation = Quaternion(0.0534033, -0.0701786, 0.12653, 0.988035)
bones/12/scale = Vector3(1, 1, 1)
bones/13/name = "Avatar_LeftHandMiddle2"
bones/13/parent = 12
bones/13/rest = Transform3D(0.890998, -0.454007, -1.52553e-07, 0.454007, 0.890998, -1.63344e-05, 7.55184e-06, 1.44846e-05, 1, -1.66605e-06, 4.97609, -1.86941e-06)
bones/13/enabled = true
bones/13/position = Vector3(-4.60769e-06, 4.97608, -4.75095e-07)
bones/13/rotation = Quaternion(7.9584e-06, -1.89424e-06, 0.237735, 0.97133)
bones/13/scale = Vector3(1, 1, 1)
bones/14/name = "Avatar_LeftHandMiddle3"
bones/14/parent = 13
bones/14/rest = Transform3D(0.95599, -0.293398, 2.57035e-08, 0.293398, 0.95599, 1.71525e-05, -5.05709e-06, -1.63901e-05, 1, -5.75447e-06, 3.86527, 2.32101e-06)
bones/14/enabled = true
bones/14/position = Vector3(5.47529e-07, 3.86525, 4.07777e-07)
bones/14/rotation = Quaternion(-8.49128e-06, 1.29215e-06, 0.15055, 0.988602)
bones/14/scale = Vector3(1, 1, 1)
bones/15/name = "Avatar_LeftHandMiddle4"
bones/15/parent = 14
bones/15/rest = Transform3D(0.979312, -0.202357, 4.61604e-05, 0.202357, 0.979312, -0.000467944, 4.94862e-05, 0.000467604, 1, 1.59948e-05, 2.00562, 2.71676e-07)
bones/15/enabled = true
bones/15/position = Vector3(5.38084e-07, 2.00562, 4.5151e-07)
bones/15/rotation = Quaternion(0.000235106, -8.35777e-07, 0.101706, 0.994815)
bones/15/scale = Vector3(1, 1, 1)
bones/16/name = "Avatar_LeftHandRing1"
bones/16/parent = 7
bones/16/rest = Transform3D(0.890385, -0.437663, -0.125164, 0.423744, 0.897344, -0.123348, 0.1663, 0.05679, 0.984438, 0.277299, 8.82571, 2.6631)
bones/16/enabled = true
bones/16/position = Vector3(0.277311, 8.82569, 2.6631)
bones/16/rotation = Quaternion(0.0460439, -0.0752377, 0.226034, 0.970118)
bones/16/scale = Vector3(1, 1, 1)
bones/17/name = "Avatar_LeftHandRing2"
bones/17/parent = 16
bones/17/rest = Transform3D(0.905076, -0.425249, -1.19629e-08, 0.425249, 0.905076, 1.65643e-08, 3.78336e-09, -2.00791e-08, 1, 2.55156e-06, 4.08647, -2.28844e-07)
bones/17/enabled = true
bones/17/position = Vector3(-1.12596e-06, 4.08644, 1.4469e-07)
bones/17/rotation = Quaternion(1.14374e-08, 5.72867e-09, 0.222153, 0.975012)
bones/17/scale = Vector3(1, 1, 1)
bones/18/name = "Avatar_LeftHandRing3"
bones/18/parent = 17
bones/18/rest = Transform3D(0.891513, -0.452995, -1.50247e-07, 0.452995, 0.891513, -2.37956e-07, 2.4174e-07, 1.4408e-07, 1, 1.77637e-06, 3.26353, -9.50092e-08)
bones/18/enabled = true
bones/18/position = Vector3(9.39058e-06, 3.26354, 3.36185e-06)
bones/18/rotation = Quaternion(6.35877e-08, -6.61009e-08, 0.235037, 0.971987)
bones/18/scale = Vector3(1, 1, 1)
bones/19/name = "Avatar_LeftHandRing4"
bones/19/parent = 18
bones/19/rest = Transform3D(0.979311, -0.202363, 1.12492e-07, 0.202363, 0.97931, -1.17628e-07, -8.63605e-08, 1.37959e-07, 1, -6.61308e-07, 2.12079, -3.91093e-07)
bones/19/enabled = true
bones/19/position = Vector3(1.13817e-05, 2.12078, 6.90783e-07)
bones/19/rotation = Quaternion(6.42298e-08, 4.99722e-08, 0.101709, 0.994814)
bones/19/scale = Vector3(1, 1, 1)
bones/20/name = "Avatar_LeftHandThumb1"
bones/20/parent = 7
bones/20/rest = Transform3D(0.843312, -0.524159, -0.118666, 0.537059, 0.830072, 0.150158, 0.0197945, -0.190361, 0.981515, -1.20181, 3.69814, -4.87047)
bones/20/enabled = true
bones/20/position = Vector3(-1.20179, 3.69811, -4.87046)
bones/20/rotation = Quaternion(-0.0890582, -0.036212, 0.277548, 0.955889)
bones/20/scale = Vector3(1, 1, 1)
bones/21/name = "Avatar_LeftHandThumb2"
bones/21/parent = 20
bones/21/rest = Transform3D(0.979328, 0.201644, -0.0160242, -0.20228, 0.976221, -0.0779434, -7.3622e-05, 0.0795735, 0.996829, -1.64964e-05, 2.66474, 1.65952e-06)
bones/21/enabled = true
bones/21/position = Vector3(1.03414e-05, 2.66474, -7.25895e-06)
bones/21/rotation = Quaternion(0.0416631, -0.00422115, -0.101579, 0.993946)
bones/21/scale = Vector3(1, 1, 1)
bones/22/name = "Avatar_LeftHandThumb3"
bones/22/parent = 21
bones/22/rest = Transform3D(1, 0.000118796, -1.4421e-05, -0.000118913, 0.972939, -0.231062, -1.34185e-05, 0.231062, 0.972939, -2.67538e-06, 2.88594, -6.69547e-07)
bones/22/enabled = true
bones/22/position = Vector3(-1.37097e-05, 2.88597, 2.18302e-06)
bones/22/rotation = Quaternion(0.116321, -2.65631e-07, -5.97995e-05, 0.993212)
bones/22/scale = Vector3(1, 1, 1)
bones/23/name = "Avatar_LeftHandThumb4"
bones/23/parent = 22
bones/23/rest = Transform3D(1, 3.80538e-09, 1.86919e-07, -3.80528e-09, 1, -5.3631e-07, -1.86919e-07, 5.3631e-07, 1, 1.78218e-05, 2.74387, -3.07157e-06)
bones/23/enabled = true
bones/23/position = Vector3(2.10699e-05, 2.74387, -2.89705e-06)
bones/23/rotation = Quaternion(2.68155e-07, 9.34592e-08, -1.90267e-09, 1)
bones/23/scale = Vector3(1, 1, 1)
bones/24/name = "Avatar_LeftHandIndex1"
bones/24/parent = 7
bones/24/rest = Transform3D(0.984662, -0.121797, -0.124923, 0.110306, 0.989335, -0.0951264, 0.135177, 0.0798876, 0.987596, 0.778794, 9.23482, -2.75752)
bones/24/enabled = true
bones/24/position = Vector3(0.778809, 9.23481, -2.75751)
bones/24/rotation = Quaternion(0.0436771, -0.0655326, 0.0626881, 0.994921)
bones/24/scale = Vector3(1, 1, 1)
bones/25/name = "Avatar_LeftHandIndex2"
bones/25/parent = 24
bones/25/rest = Transform3D(0.941116, -0.338083, -5.14701e-08, 0.338083, 0.941115, -0.00132398, 0.000447663, 0.001246, 0.999999, -1.58092e-06, 5.18384, 1.95092e-06)
bones/25/enabled = true
bones/25/position = Vector3(1.7291e-06, 5.18387, 1.13745e-07)
bones/25/rotation = Quaternion(0.000651743, -0.000116559, 0.175923, 0.984404)
bones/25/scale = Vector3(1, 1, 1)
bones/26/name = "Avatar_LeftHandIndex3"
bones/26/parent = 25
bones/26/rest = Transform3D(0.961397, -0.275164, 2.24099e-08, 0.27516, 0.961385, 0.00499707, -0.00137503, -0.00480417, 0.999987, 3.6955e-06, 3.41516, -2.70153e-06)
bones/26/enabled = true
bones/26/position = Vector3(-6.71784e-07, 3.41513, -1.82798e-06)
bones/26/rotation = Quaternion(-0.00247353, 0.000352569, 0.141102, 0.989992)
bones/26/scale = Vector3(1, 1, 1)
bones/27/name = "Avatar_LeftHandIndex4"
bones/27/parent = 26
bones/27/rest = Transform3D(1, -1.67613e-08, 4.65659e-09, 1.67613e-08, 1, 2.0489e-08, -4.65658e-09, -2.0489e-08, 1, 1.09639e-07, 2.12737, 2.21133e-06)
bones/27/enabled = true
bones/27/position = Vector3(1.82478e-05, 2.12739, 1.30804e-06)
bones/27/rotation = Quaternion(-1.02445e-08, 2.32829e-09, 8.38066e-09, 1)
bones/27/scale = Vector3(1, 1, 1)
bones/28/name = "Avatar_RightShoulder"
bones/28/parent = 3
bones/28/rest = Transform3D(-0.0567455, -0.998389, 4.21817e-09, 0.998389, -0.0567455, 3.47738e-09, -3.23241e-09, 4.4087e-09, 1, -7.00001, 11.4314, 9.53674e-07)
bones/28/enabled = true
bones/28/position = Vector3(-7, 11.4314, 0)
bones/28/rotation = Quaternion(9.01897e-08, 8.8331e-08, 0.758582, 0.651578)
bones/28/scale = Vector3(1, 1, 1)
bones/29/name = "Avatar_RightArm"
bones/29/parent = 28
bones/29/rest = Transform3D(0.340422, -0.925969, -0.163384, 0.92722, 0.359442, -0.10519, 0.15613, -0.115684, 0.980939, -1.52835e-05, 10.7072, -3.59803e-07)
bones/29/enabled = true
bones/29/position = Vector3(-5.20355e-06, 10.7072, -6.82453e-07)
bones/29/rotation = Quaternion(0.0559304, -0.188347, 0.547658, 0.813307)
bones/29/scale = Vector3(1, 1, 1)
bones/30/name = "Avatar_RightForeArm"
bones/30/parent = 29
bones/30/rest = Transform3D(0.997243, -0.0239889, -0.0702122, -0.0128615, 0.876077, -0.481999, 0.0730739, 0.481574, 0.873354, -1.69426e-06, 27.3238, 1.47974e-06)
bones/30/enabled = true
bones/30/position = Vector3(-3.49805e-06, 27.3237, -4.76837e-07)
bones/30/rotation = Quaternion(0.139261, -0.0371022, -0.00127722, 0.98956)
bones/30/scale = Vector3(1, 1, 1)
bones/31/name = "Avatar_RightHand"
bones/31/parent = 30
bones/31/rest = Transform3D(0.941192, -0.33447, -0.0478147, 0.280814, 0.853074, -0.439783, 0.187884, 0.400493, 0.896831, -1.1508e-05, 26.7172, 2.57589e-06)
bones/31/enabled = true
bones/31/position = Vector3(-1.27698e-05, 26.7172, 2.50344e-07)
bones/31/rotation = Quaternion(0.0427974, -0.0383393, 0.0821423, 0.994963)
bones/31/scale = Vector3(1, 1, 1)
bones/32/name = "Avatar_RightHandIndex1"
bones/32/parent = 31
bones/32/rest = Transform3D(0.985756, -0.1126, 0.124923, 0.101066, 0.990321, 0.0951265, -0.134426, -0.081146, 0.987596, 0.778914, 9.23478, 2.7575)
bones/32/enabled = true
bones/32/position = Vector3(0.778919, 9.23478, 2.7575)
bones/32/rotation = Quaternion(-0.0441022, 0.0652474, 0.0562202, 0.995308)
bones/32/scale = Vector3(1, 1, 1)
bones/33/name = "Avatar_RightHandIndex2"
bones/33/parent = 32
bones/33/rest = Transform3D(0.944231, -0.329282, -1.63272e-08, 0.329282, 0.944231, 0.00132375, -0.00043587, -0.00124993, 0.999999, -3.07681e-06, 5.18386, 9.92684e-07)
bones/33/enabled = true
bones/33/position = Vector3(-2.13826e-06, 5.18387, -1.36862e-06)
bones/33/rotation = Quaternion(-0.000652354, 0.000112237, 0.16952, 0.985527)
bones/33/scale = Vector3(1, 1, 1)
bones/34/name = "Avatar_RightHandIndex3"
bones/34/parent = 33
bones/34/rest = Transform3D(0.963903, -0.266252, 3.07919e-08, 0.266248, 0.963892, -0.00499646, 0.00133029, 0.00481612, 0.999988, 8.47719e-06, 3.41518, 4.74706e-06)
bones/34/enabled = true
bones/34/position = Vector3(1.26962e-06, 3.41516, 1.08356e-06)
bones/34/rotation = Quaternion(0.00247547, -0.000337202, 0.13498, 0.990845)
bones/34/scale = Vector3(1, 1, 1)
bones/35/name = "Avatar_RightHandIndex4"
bones/35/parent = 34
bones/35/rest = Transform3D(1, -1.67638e-08, -2.08616e-07, 1.67637e-08, 1, -6.83591e-07, 2.08616e-07, 6.83591e-07, 1, -2.11444e-05, 2.12736, 1.38977e-06)
bones/35/enabled = true
bones/35/position = Vector3(-3.52909e-05, 2.12736, -8.82456e-07)
bones/35/rotation = Quaternion(3.41795e-07, -1.04308e-07, 8.38186e-09, 1)
bones/35/scale = Vector3(1, 1, 1)
bones/36/name = "Avatar_RightHandMiddle1"
bones/36/parent = 31
bones/36/rest = Transform3D(0.962645, -0.240103, 0.125163, 0.225039, 0.966518, 0.123288, -0.150574, -0.0905154, 0.984446, 0.753402, 8.89661, 0.172092)
bones/36/enabled = true
bones/36/position = Vector3(0.753395, 8.89661, 0.172096)
bones/36/rotation = Quaternion(-0.0538582, 0.06983, 0.120106, 0.988837)
bones/36/scale = Vector3(1, 1, 1)
bones/37/name = "Avatar_RightHandMiddle2"
bones/37/parent = 36
bones/37/rest = Transform3D(0.895197, -0.445671, 2.55177e-08, 0.445671, 0.895197, 1.65323e-05, -7.39082e-06, -1.47883e-05, 1, 1.98516e-06, 4.97607, -2.79843e-07)
bones/37/enabled = true
bones/37/position = Vector3(-9.0353e-07, 4.97607, -2.18782e-06)
bones/37/rotation = Quaternion(-7.96293e-06, 1.90868e-06, 0.231417, 0.972855)
bones/37/scale = Vector3(1, 1, 1)
bones/38/name = "Avatar_RightHandMiddle3"
bones/38/parent = 37
bones/38/rest = Transform3D(0.958661, -0.284551, -1.10335e-08, 0.284551, 0.958661, -1.72477e-05, 4.91842e-06, 1.65315e-05, 1, -3.81483e-06, 3.86528, 3.43048e-08)
bones/38/enabled = true
bones/38/position = Vector3(3.81469e-06, 3.8653, 4.14512e-07)
bones/38/rotation = Quaternion(8.49411e-06, -1.25785e-06, 0.144409, 0.989518)
bones/38/scale = Vector3(1, 1, 1)
bones/39/name = "Avatar_RightHandMiddle4"
bones/39/parent = 38
bones/39/rest = Transform3D(1, -1.11759e-08, -1.49012e-08, 1.11759e-08, 1, 1.11686e-08, 1.49012e-08, -1.11686e-08, 1, -1.89929e-05, 2.00563, -4.14467e-06)
bones/39/enabled = true
bones/39/position = Vector3(-1.19209e-07, 2.00564, -2.00371e-06)
bones/39/rotation = Quaternion(-5.5843e-09, -7.45058e-09, 5.58794e-09, 1)
bones/39/scale = Vector3(1, 1, 1)
bones/40/name = "Avatar_RightHandThumb1"
bones/40/parent = 31
bones/40/rest = Transform3D(0.843313, -0.524158, 0.118667, 0.537058, 0.830074, -0.150157, -0.0197961, 0.19036, 0.981515, -1.20172, 3.69811, 4.87046)
bones/40/enabled = true
bones/40/position = Vector3(-1.20172, 3.69812, 4.87047)
bones/40/rotation = Quaternion(0.0890578, 0.0362132, 0.277546, 0.95589)
bones/40/scale = Vector3(1, 1, 1)
bones/41/name = "Avatar_RightHandThumb2"
bones/41/parent = 40
bones/41/rest = Transform3D(0.979328, 0.201659, 0.0158023, -0.202277, 0.976306, 0.076874, 7.44201e-05, -0.0784813, 0.996916, -6.83373e-06, 2.66476, -1.65683e-06)
bones/41/enabled = true
bones/41/position = Vector3(1.02641e-05, 2.66476, 6.56018e-07)
bones/41/rotation = Quaternion(-0.0407367, 0.0041256, -0.101581, 0.993984)
bones/41/scale = Vector3(1, 1, 1)
bones/42/name = "Avatar_RightHandThumb3"
bones/42/parent = 41
bones/42/rest = Transform3D(1, 0.000118697, 1.44334e-05, -0.00011882, 0.972938, 0.231064, 1.33838e-05, -0.231064, 0.972939, 1.12641e-06, 2.88592, 2.19098e-07)
bones/42/enabled = true
bones/42/position = Vector3(2.79746e-06, 2.88593, 2.28323e-07)
bones/42/rotation = Quaternion(-0.116321, 2.24688e-07, -5.98386e-05, 0.993212)
bones/42/scale = Vector3(1, 1, 1)
bones/43/name = "Avatar_RightHandThumb4"
bones/43/parent = 42
bones/43/rest = Transform3D(1, -1.49266e-08, -4.99761e-12, 1.49266e-08, 1, -2.23645e-08, 4.99795e-12, 2.23645e-08, 1, 2.18495e-05, 2.74388, -2.04751e-06)
bones/43/enabled = true
bones/43/position = Vector3(4.93624e-06, 2.74388, -9.76186e-07)
bones/43/rotation = Quaternion(1.11822e-08, -2.49889e-12, 7.46331e-09, 1)
bones/43/scale = Vector3(1, 1, 1)
bones/44/name = "Avatar_RightHandRing1"
bones/44/parent = 31
bones/44/rest = Transform3D(0.894432, -0.429331, 0.125164, 0.415348, 0.901261, 0.123348, -0.165762, -0.0583398, 0.984439, 0.277361, 8.82568, -2.66309)
bones/44/enabled = true
bones/44/position = Vector3(0.277353, 8.82568, -2.6631)
bones/44/rotation = Quaternion(-0.0465318, 0.0749369, 0.219724, 0.971566)
bones/44/scale = Vector3(1, 1, 1)
bones/45/name = "Avatar_RightHandRing2"
bones/45/parent = 44
bones/45/rest = Transform3D(0.909007, -0.416781, -3.13563e-08, 0.416781, 0.909007, -5.91199e-08, 5.31432e-08, 4.06717e-08, 1, 3.71949e-06, 4.08645, 4.11368e-06)
bones/45/enabled = true
bones/45/position = Vector3(5.46542e-06, 4.08645, -4.54797e-07)
bones/45/rotation = Quaternion(4.26199e-09, 1.04065e-08, 0.215811, 0.976435)
bones/45/scale = Vector3(1, 1, 1)
bones/46/name = "Avatar_RightHandRing3"
bones/46/parent = 45
bones/46/rest = Transform3D(0.895661, -0.444737, 6.00408e-08, 0.444737, 0.895661, 2.36961e-07, -1.59161e-07, -1.85534e-07, 1, 1.14441e-05, 3.26353, 9.487e-08)
bones/46/enabled = true
bones/46/position = Vector3(-4.12762e-06, 3.26354, 4.71373e-07)
bones/46/rotation = Quaternion(-6.80332e-08, 2.46228e-08, 0.229023, 0.973421)
bones/46/scale = Vector3(1, 1, 1)
bones/47/name = "Avatar_RightHandRing4"
bones/47/parent = 46
bones/47/rest = Transform3D(1, 1.49012e-08, 7.11096e-08, -1.49012e-08, 1, 4.49679e-07, -7.11097e-08, -4.49679e-07, 1, -1.52588e-05, 2.12079, 3.64287e-07)
bones/47/enabled = true
bones/47/position = Vector3(-2.31266e-05, 2.12079, -6.75327e-07)
bones/47/rotation = Quaternion(-2.2484e-07, 3.55548e-08, -7.45059e-09, 1)
bones/47/scale = Vector3(1, 1, 1)
bones/48/name = "Avatar_RightHandPinky1"
bones/48/parent = 31
bones/48/rest = Transform3D(0.798399, -0.58895, 0.125288, 0.572145, 0.80688, 0.146951, -0.187639, -0.0456426, 0.981177, -0.608726, 8.39429, -5.13688)
bones/48/enabled = true
bones/48/position = Vector3(-0.608719, 8.39428, -5.13687)
bones/48/rotation = Quaternion(-0.0506361, 0.0827494, 0.308987, 0.946106)
bones/48/scale = Vector3(1, 1, 1)
bones/49/name = "Avatar_RightHandPinky2"
bones/49/parent = 48
bones/49/rest = Transform3D(0.842085, -0.539344, -6.66478e-08, 0.539344, 0.842085, -0.00103556, 0.000558581, 0.000871996, 0.999999, -1.96445e-05, 3.49533, 4.47219e-06)
bones/49/enabled = true
bones/49/position = Vector3(5.44842e-06, 3.49533, 1.61064e-07)
bones/49/rotation = Quaternion(0.000496423, -0.000146712, 0.28346, 0.958984)
bones/49/scale = Vector3(1, 1, 1)
bones/50/name = "Avatar_RightHandPinky3"
bones/50/parent = 49
bones/50/rest = Transform3D(0.936681, -0.350183, -3.27127e-08, 0.350182, 0.936679, 0.00223036, -0.000781003, -0.00208914, 0.999997, -1.76992e-07, 2.42574, -8.05836e-06)
bones/50/enabled = true
bones/50/position = Vector3(1.03588e-05, 2.42575, 3.84085e-06)
bones/50/rotation = Quaternion(-0.00109711, 0.000199111, 0.178555, 0.983929)
bones/50/scale = Vector3(1, 1, 1)
bones/51/name = "Avatar_RightHandPinky4"
bones/51/parent = 50
bones/51/rest = Transform3D(1, 1.49788e-10, 2.30964e-07, -1.49841e-10, 1, 2.28176e-07, -2.30964e-07, -2.28176e-07, 1, -2.94992e-05, 1.77944, 4.34719e-08)
bones/51/enabled = true
bones/51/position = Vector3(-7.68874e-06, 1.77943, -2.05917e-07)
bones/51/rotation = Quaternion(-1.14088e-07, 1.15482e-07, -7.49074e-11, 1)
bones/51/scale = Vector3(1, 1, 1)
bones/52/name = "Avatar_Neck"
bones/52/parent = 3
bones/52/rest = Transform3D(1, -4.13339e-10, 4.60511e-10, 4.01568e-10, 0.999681, 0.0252743, -4.70811e-10, -0.0252743, 0.999681, -2.98023e-08, 14.0786, -9.53674e-07)
bones/52/enabled = true
bones/52/position = Vector3(0, 14.0786, -3.63798e-12)
bones/52/rotation = Quaternion(0.0130594, -0.0753236, 0.000961284, 0.997073)
bones/52/scale = Vector3(1, 1, 1)
bones/53/name = "Avatar_Head"
bones/53/parent = 52
bones/53/rest = Transform3D(0.999947, -0.00317072, -0.00982767, 0.0035769, 0.999128, 0.0415916, 0.00968723, -0.0416245, 0.999086, -2.98023e-08, 24.2357, 9.53674e-07)
bones/53/enabled = true
bones/53/position = Vector3(0, 24.2356, -3.63798e-12)
bones/53/rotation = Quaternion(0.0165718, 0.0750905, -0.00357145, 0.997033)
bones/53/scale = Vector3(1, 1, 1)
bones/54/name = "Avatar_LeftUpLeg"
bones/54/parent = 0
bones/54/rest = Transform3D(0.997512, 0.0219394, -0.0670009, -0.0355074, 0.977357, -0.208601, 0.0609071, 0.210461, 0.975704, -8.91001, 6.27001, 9.53434e-07)
bones/54/enabled = true
bones/54/position = Vector3(-8.91, 6.27001, 0)
bones/54/rotation = Quaternion(0.13429, -0.0296247, 0.00726634, 0.990472)
bones/54/scale = Vector3(1, 1, 1)
bones/55/name = "Avatar_LeftLeg"
bones/55/parent = 54
bones/55/rest = Transform3D(1, 6.71398e-08, -5.56557e-08, -5.72918e-08, 0.986926, 0.161174, 6.57492e-08, -0.161174, 0.986926, 1.24653e-06, 44.89, -1.01656e-06)
bones/55/enabled = true
bones/55/position = Vector3(1.72337e-06, 44.89, 4.13156e-07)
bones/55/rotation = Quaternion(-0.174399, -3.62439e-08, -1.4221e-08, 0.984675)
bones/55/scale = Vector3(1, 1, 1)
bones/56/name = "Avatar_LeftFoot"
bones/56/parent = 55
bones/56/rest = Transform3D(-0.997101, -0.0750265, 0.0126016, -0.0138884, 0.342371, 0.939461, -0.074799, 0.936564, -0.34242, -4.59212e-07, 40.7134, -3.43238e-07)
bones/56/enabled = true
bones/56/position = Vector3(1.32646e-07, 40.7131, -6.35928e-05)
bones/56/rotation = Quaternion(-0.0293128, 0.796725, 0.599937, 0.0666774)
bones/56/scale = Vector3(0.999999, 0.999999, 0.999999)
bones/57/name = "Avatar_LeftToeBase"
bones/57/parent = 56
bones/57/rest = Transform3D(1, -1.27078e-06, 4.53196e-07, 9.46873e-07, 0.900325, 0.435218, -9.61089e-07, -0.435218, 0.900325, -3.28246e-06, 14.3889, -1.38772e-06)
bones/57/enabled = true
bones/57/position = Vector3(-4.23613e-06, 14.3889, 1.07766e-06)
bones/57/rotation = Quaternion(-0.223243, 3.89366e-07, 5.39342e-07, 0.974763)
bones/57/scale = Vector3(1, 1, 1)
bones/58/name = "Avatar_RightUpLeg"
bones/58/parent = 0
bones/58/rest = Transform3D(0.998042, 0.0104228, 0.0616828, 0.012808, 0.93109, -0.364567, -0.061232, 0.364643, 0.929133, 8.91, 6.27002, 1.12473e-06)
bones/58/enabled = true
bones/58/position = Vector3(8.91, 6.27001, 0)
bones/58/rotation = Quaternion(0.0872427, -0.0393184, -0.00673517, 0.995388)
bones/58/scale = Vector3(1, 1, 1)
bones/59/name = "Avatar_RightLeg"
bones/59/parent = 58
bones/59/rest = Transform3D(1, 8.26855e-08, -1.44114e-08, -1.32309e-08, 0.324854, 0.945764, 8.28826e-08, -0.945765, 0.324854, -1.8398e-07, 44.89, -1.89992e-06)
bones/59/enabled = true
bones/59/position = Vector3(-2.09133e-06, 44.89, 7.78937e-07)
bones/59/rotation = Quaternion(-0.157577, -3.72732e-08, -1.3527e-08, 0.987507)
bones/59/scale = Vector3(1, 1, 1)
bones/60/name = "Avatar_RightFoot"
bones/60/parent = 59
bones/60/rest = Transform3D(-0.994932, 0.0787168, -0.0625448, 0.0189135, 0.757525, 0.65253, 0.0987445, 0.648041, -0.755176, 1.72421e-08, 40.7119, -0.000882811)
bones/60/enabled = true
bones/60/position = Vector3(-2.02572e-06, 40.7127, -0.000108267)
bones/60/rotation = Quaternion(0.0322694, 0.776903, 0.622791, -0.0866767)
bones/60/scale = Vector3(0.999999, 0.999999, 0.999999)
bones/61/name = "Avatar_RightToeBase"
bones/61/parent = 60
bones/61/rest = Transform3D(0.999999, 0.00142604, -5.15458e-07, -0.00128367, 0.900324, 0.435218, 0.000621102, -0.435218, 0.900325, 3.76964e-06, 14.3889, -6.25001e-06)
bones/61/enabled = true
bones/61/position = Vector3(5.51915e-06, 14.3889, -1.22584e-07)
bones/61/rotation = Quaternion(-0.223243, -0.000159455, -0.000694985, 0.974763)
bones/61/scale = Vector3(1, 1, 1)

[node name="BoneAttachment3D_Name" type="BoneAttachment3D" parent="Armature/Skeleton3D"]
