[gd_scene load_steps=75 format=3 uid="uid://dvu5i0n51gph3"]

[ext_resource type="Script" path="res://src/decentraland_components/avatar.gd" id="1_kkscc"]
[ext_resource type="PackedScene" uid="uid://ci0fn7h7pxdmc" path="res://src/helpers_components/avatar_modifier_area_detector.tscn" id="2_8o107"]
[ext_resource type="AnimationLibrary" uid="uid://bfbk8s54f1krh" path="res://assets/animations/locomotion.res" id="2_dv5vj"]
[ext_resource type="Texture2D" uid="uid://delidesdvfjyx" path="res://assets/themes/dark_dcl_theme/icons/Mic.svg" id="2_rwfmc"]
[ext_resource type="AnimationLibrary" uid="uid://by2djy1ah7psb" path="res://assets/animations/default_emotes.tres" id="4_8arta"]
[ext_resource type="AnimationLibrary" uid="uid://bt3bj0k3qqmbn" path="res://assets/animations/idle.res" id="4_nj4gk"]

[sub_resource type="AnimationNodeAnimation" id="AnimationNodeAnimation_v3xl2"]
animation = &"AFK"

[sub_resource type="AnimationNodeAnimation" id="AnimationNodeAnimation_1mx8r"]

[sub_resource type="AnimationNodeAdd2" id="AnimationNodeAdd2_ikg4t"]

[sub_resource type="AnimationNodeAnimation" id="AnimationNodeAnimation_owc5k"]

[sub_resource type="AnimationNodeBlendTree" id="AnimationNodeBlendTree_yfug6"]
graph_offset = Vector2(-34.0545, 52.5455)
nodes/A/node = SubResource("AnimationNodeAnimation_1mx8r")
nodes/A/position = Vector2(200, 80)
nodes/Add2/node = SubResource("AnimationNodeAdd2_ikg4t")
nodes/Add2/position = Vector2(520, 140)
nodes/B/node = SubResource("AnimationNodeAnimation_owc5k")
nodes/B/position = Vector2(200, 220)
nodes/output/position = Vector2(720, 140)
node_connections = [&"Add2", 0, &"A", &"Add2", 1, &"B", &"output", 0, &"Add2"]

[sub_resource type="AnimationNodeAnimation" id="AnimationNodeAnimation_njnb1"]
animation = &"Idle"

[sub_resource type="AnimationNodeAnimation" id="AnimationNodeAnimation_qdrer"]
animation = &"Jog"

[sub_resource type="AnimationNodeAnimation" id="AnimationNodeAnimation_vffr2"]
animation = &"Jump_End"

[sub_resource type="AnimationNodeAnimation" id="AnimationNodeAnimation_wq86h"]
animation = &"Jump_Fall"

[sub_resource type="AnimationNodeAnimation" id="AnimationNodeAnimation_8q87x"]
animation = &"Jump_Mid"

[sub_resource type="AnimationNodeAnimation" id="AnimationNodeAnimation_nt56a"]
animation = &"Jump_Rise"

[sub_resource type="AnimationNodeAnimation" id="AnimationNodeAnimation_gpsp6"]
animation = &"Jump_Start"

[sub_resource type="AnimationNodeAnimation" id="AnimationNodeAnimation_bu7up"]
animation = &"Run"

[sub_resource type="AnimationNodeAnimation" id="AnimationNodeAnimation_wdjxa"]
animation = &"Run_Jump_End"

[sub_resource type="AnimationNodeAnimation" id="AnimationNodeAnimation_5ywdg"]
animation = &"Run_Jump_Fall"

[sub_resource type="AnimationNodeAnimation" id="AnimationNodeAnimation_bhtbx"]
animation = &"Run_Jump_Mid"

[sub_resource type="AnimationNodeAnimation" id="AnimationNodeAnimation_7x8t1"]
animation = &"Run_Jump_Rise"

[sub_resource type="AnimationNodeAnimation" id="AnimationNodeAnimation_grwg0"]
animation = &"Run_Jump_Start"

[sub_resource type="AnimationNodeAnimation" id="AnimationNodeAnimation_xcont"]
animation = &"Walk"

[sub_resource type="AnimationNodeStateMachineTransition" id="AnimationNodeStateMachineTransition_sjeni"]
advance_mode = 2

[sub_resource type="AnimationNodeStateMachineTransition" id="AnimationNodeStateMachineTransition_wtmx6"]
xfade_time = 0.1
advance_mode = 2
advance_condition = &"jog"

[sub_resource type="AnimationNodeStateMachineTransition" id="AnimationNodeStateMachineTransition_2mj4e"]
xfade_time = 0.1
advance_mode = 2
advance_condition = &"idle"

[sub_resource type="AnimationNodeStateMachineTransition" id="AnimationNodeStateMachineTransition_qnh1y"]
xfade_time = 0.1
advance_mode = 2
advance_condition = &"walk"

[sub_resource type="AnimationNodeStateMachineTransition" id="AnimationNodeStateMachineTransition_u27o3"]
xfade_time = 0.1
advance_mode = 2
advance_condition = &"idle"

[sub_resource type="AnimationNodeStateMachineTransition" id="AnimationNodeStateMachineTransition_gdwh0"]
advance_mode = 2
advance_condition = &"rise"

[sub_resource type="AnimationNodeStateMachineTransition" id="AnimationNodeStateMachineTransition_tld2g"]
advance_mode = 2
advance_condition = &"rise"

[sub_resource type="AnimationNodeStateMachineTransition" id="AnimationNodeStateMachineTransition_dl5hj"]
xfade_time = 0.1
switch_mode = 2
advance_mode = 2

[sub_resource type="AnimationNodeStateMachineTransition" id="AnimationNodeStateMachineTransition_j8j2x"]
xfade_time = 0.1
advance_mode = 2
advance_condition = &"fall"

[sub_resource type="AnimationNodeStateMachineTransition" id="AnimationNodeStateMachineTransition_ki230"]
xfade_time = 0.1
switch_mode = 2
advance_mode = 2

[sub_resource type="AnimationNodeStateMachineTransition" id="AnimationNodeStateMachineTransition_prpyn"]
xfade_time = 0.1
advance_mode = 2
advance_condition = &"nfall"

[sub_resource type="AnimationNodeStateMachineTransition" id="AnimationNodeStateMachineTransition_5wen6"]
xfade_time = 0.1
switch_mode = 2
advance_mode = 2
advance_condition = &"idle"

[sub_resource type="AnimationNodeStateMachineTransition" id="AnimationNodeStateMachineTransition_hxemm"]
xfade_time = 0.1
advance_mode = 2
advance_condition = &"rise"

[sub_resource type="AnimationNodeStateMachineTransition" id="AnimationNodeStateMachineTransition_nmhcq"]
xfade_time = 0.1
advance_mode = 2
advance_condition = &"run"

[sub_resource type="AnimationNodeStateMachineTransition" id="AnimationNodeStateMachineTransition_3524b"]
xfade_time = 0.1
advance_mode = 2
advance_condition = &"idle"

[sub_resource type="AnimationNodeStateMachineTransition" id="AnimationNodeStateMachineTransition_l7387"]
advance_mode = 2
advance_condition = &"rise"

[sub_resource type="AnimationNodeStateMachineTransition" id="AnimationNodeStateMachineTransition_qidgv"]
switch_mode = 2
advance_mode = 2
advance_condition = &"walk"

[sub_resource type="AnimationNodeStateMachineTransition" id="AnimationNodeStateMachineTransition_wl2sx"]
advance_mode = 2
advance_condition = &"jog"

[sub_resource type="AnimationNodeStateMachineTransition" id="AnimationNodeStateMachineTransition_f2e5k"]
advance_mode = 2
advance_condition = &"run"

[sub_resource type="AnimationNodeStateMachineTransition" id="AnimationNodeStateMachineTransition_6fd18"]
switch_mode = 2
advance_mode = 2
advance_condition = &"jog"

[sub_resource type="AnimationNodeStateMachineTransition" id="AnimationNodeStateMachineTransition_301s4"]
switch_mode = 2
advance_mode = 2
advance_condition = &"run"

[sub_resource type="AnimationNodeStateMachineTransition" id="AnimationNodeStateMachineTransition_kcvi8"]
switch_mode = 2
advance_mode = 2
advance_condition = &"walk"

[sub_resource type="AnimationNodeStateMachineTransition" id="AnimationNodeStateMachineTransition_6lvlt"]
switch_mode = 2
advance_mode = 2
advance_condition = &"idle"

[sub_resource type="AnimationNodeStateMachineTransition" id="AnimationNodeStateMachineTransition_p1koq"]
switch_mode = 2
advance_mode = 2

[sub_resource type="AnimationNodeStateMachineTransition" id="AnimationNodeStateMachineTransition_4il2s"]
switch_mode = 2
advance_mode = 2

[sub_resource type="AnimationNodeStateMachineTransition" id="AnimationNodeStateMachineTransition_tggp5"]
advance_mode = 2
advance_condition = &"fall"

[sub_resource type="AnimationNodeStateMachineTransition" id="AnimationNodeStateMachineTransition_vdlve"]
advance_mode = 2
advance_condition = &"nfall"

[sub_resource type="AnimationNodeStateMachineTransition" id="AnimationNodeStateMachineTransition_eev0w"]
xfade_time = 0.1
advance_mode = 2
advance_condition = &"jog"

[sub_resource type="AnimationNodeStateMachineTransition" id="AnimationNodeStateMachineTransition_kthle"]
xfade_time = 0.1
advance_mode = 2
advance_condition = &"run"

[sub_resource type="AnimationNodeStateMachineTransition" id="AnimationNodeStateMachineTransition_qrl20"]
xfade_time = 0.1
advance_mode = 2
advance_condition = &"walk"

[sub_resource type="AnimationNodeStateMachineTransition" id="AnimationNodeStateMachineTransition_r5bic"]
xfade_time = 0.1
advance_mode = 2
advance_condition = &"jog"

[sub_resource type="AnimationNodeStateMachineTransition" id="AnimationNodeStateMachineTransition_pyd2w"]
xfade_time = 0.1
advance_mode = 2
advance_condition = &"walk"

[sub_resource type="AnimationNodeStateMachineTransition" id="AnimationNodeStateMachineTransition_p4ag8"]
xfade_time = 0.1
advance_mode = 2
advance_condition = &"run"

[sub_resource type="AnimationNodeStateMachineTransition" id="AnimationNodeStateMachineTransition_ihmew"]
xfade_time = 0.1
advance_mode = 2
advance_condition = &"land"

[sub_resource type="AnimationNodeStateMachineTransition" id="AnimationNodeStateMachineTransition_3l313"]
xfade_time = 0.1
advance_mode = 2
advance_condition = &"land"

[sub_resource type="AnimationNodeStateMachineTransition" id="AnimationNodeStateMachineTransition_8l6l8"]
xfade_time = 0.1
advance_mode = 2
advance_condition = &"fall"

[sub_resource type="AnimationNodeStateMachineTransition" id="AnimationNodeStateMachineTransition_j7ba3"]
xfade_time = 0.1
advance_mode = 2
advance_condition = &"fall"

[sub_resource type="AnimationNodeStateMachineTransition" id="AnimationNodeStateMachineTransition_gnida"]
xfade_time = 0.1
advance_mode = 2
advance_condition = &"fall"

[sub_resource type="AnimationNodeStateMachineTransition" id="AnimationNodeStateMachineTransition_vd3y3"]
xfade_time = 0.1
advance_mode = 2
advance_condition = &"fall"

[sub_resource type="AnimationNodeStateMachineTransition" id="AnimationNodeStateMachineTransition_8wh0r"]
advance_mode = 2
advance_condition = &"emote"

[sub_resource type="AnimationNodeStateMachineTransition" id="AnimationNodeStateMachineTransition_3sg1c"]
xfade_time = 0.1
advance_mode = 2
advance_condition = &"nemote"

[sub_resource type="AnimationNodeStateMachineTransition" id="AnimationNodeStateMachineTransition_qm8x3"]
advance_mode = 2
advance_condition = &"emix"

[sub_resource type="AnimationNodeStateMachineTransition" id="AnimationNodeStateMachineTransition_sa8km"]
xfade_time = 0.1
advance_mode = 2
advance_condition = &"nemix"

[sub_resource type="AnimationNodeStateMachine" id="AnimationNodeStateMachine_dvr6n"]
states/Emote/node = SubResource("AnimationNodeAnimation_v3xl2")
states/Emote/position = Vector2(186.878, 352.367)
states/Emote_Mix/node = SubResource("AnimationNodeBlendTree_yfug6")
states/Emote_Mix/position = Vector2(333.878, 376.367)
states/End/position = Vector2(117, 267)
states/Idle/node = SubResource("AnimationNodeAnimation_njnb1")
states/Idle/position = Vector2(388, 200)
states/Jog/node = SubResource("AnimationNodeAnimation_qdrer")
states/Jog/position = Vector2(644, 200)
states/Jump_End/node = SubResource("AnimationNodeAnimation_vffr2")
states/Jump_End/position = Vector2(1148, 442.098)
states/Jump_Fall/node = SubResource("AnimationNodeAnimation_wq86h")
states/Jump_Fall/position = Vector2(1360, 339)
states/Jump_Mid/node = SubResource("AnimationNodeAnimation_8q87x")
states/Jump_Mid/position = Vector2(1356, 183)
states/Jump_Rise/node = SubResource("AnimationNodeAnimation_nt56a")
states/Jump_Rise/position = Vector2(1191, 183)
states/Jump_Start/node = SubResource("AnimationNodeAnimation_gpsp6")
states/Jump_Start/position = Vector2(1016, 194)
states/Run/node = SubResource("AnimationNodeAnimation_bu7up")
states/Run/position = Vector2(528.878, 27.098)
states/Run_Jump_End/node = SubResource("AnimationNodeAnimation_wdjxa")
states/Run_Jump_End/position = Vector2(1029.88, 116.098)
states/Run_Jump_Fall/node = SubResource("AnimationNodeAnimation_5ywdg")
states/Run_Jump_Fall/position = Vector2(1217.88, 37.098)
states/Run_Jump_Mid/node = SubResource("AnimationNodeAnimation_bhtbx")
states/Run_Jump_Mid/position = Vector2(1212, -43.902)
states/Run_Jump_Rise/node = SubResource("AnimationNodeAnimation_7x8t1")
states/Run_Jump_Rise/position = Vector2(1029.88, -43.902)
states/Run_Jump_Start/node = SubResource("AnimationNodeAnimation_grwg0")
states/Run_Jump_Start/position = Vector2(859.878, -43.902)
states/Start/position = Vector2(117, 200)
states/Walk/node = SubResource("AnimationNodeAnimation_xcont")
states/Walk/position = Vector2(528.878, 417.098)
transitions = ["Start", "Idle", SubResource("AnimationNodeStateMachineTransition_sjeni"), "Idle", "Jog", SubResource("AnimationNodeStateMachineTransition_wtmx6"), "Jog", "Idle", SubResource("AnimationNodeStateMachineTransition_2mj4e"), "Idle", "Walk", SubResource("AnimationNodeStateMachineTransition_qnh1y"), "Walk", "Idle", SubResource("AnimationNodeStateMachineTransition_u27o3"), "Walk", "Jump_Start", SubResource("AnimationNodeStateMachineTransition_gdwh0"), "Jog", "Jump_Start", SubResource("AnimationNodeStateMachineTransition_tld2g"), "Jump_Start", "Jump_Rise", SubResource("AnimationNodeStateMachineTransition_dl5hj"), "Jump_Rise", "Jump_Mid", SubResource("AnimationNodeStateMachineTransition_j8j2x"), "Jump_Mid", "Jump_Fall", SubResource("AnimationNodeStateMachineTransition_ki230"), "Jump_Fall", "Jump_End", SubResource("AnimationNodeStateMachineTransition_prpyn"), "Jump_End", "Idle", SubResource("AnimationNodeStateMachineTransition_5wen6"), "Idle", "Jump_Start", SubResource("AnimationNodeStateMachineTransition_hxemm"), "Idle", "Run", SubResource("AnimationNodeStateMachineTransition_nmhcq"), "Run", "Idle", SubResource("AnimationNodeStateMachineTransition_3524b"), "Run", "Run_Jump_Start", SubResource("AnimationNodeStateMachineTransition_l7387"), "Jump_End", "Walk", SubResource("AnimationNodeStateMachineTransition_qidgv"), "Jump_End", "Jog", SubResource("AnimationNodeStateMachineTransition_wl2sx"), "Jump_End", "Run", SubResource("AnimationNodeStateMachineTransition_f2e5k"), "Run_Jump_End", "Jog", SubResource("AnimationNodeStateMachineTransition_6fd18"), "Run_Jump_End", "Run", SubResource("AnimationNodeStateMachineTransition_301s4"), "Run_Jump_End", "Walk", SubResource("AnimationNodeStateMachineTransition_kcvi8"), "Run_Jump_End", "Idle", SubResource("AnimationNodeStateMachineTransition_6lvlt"), "Run_Jump_Start", "Run_Jump_Rise", SubResource("AnimationNodeStateMachineTransition_p1koq"), "Run_Jump_Mid", "Run_Jump_Fall", SubResource("AnimationNodeStateMachineTransition_4il2s"), "Run_Jump_Rise", "Run_Jump_Mid", SubResource("AnimationNodeStateMachineTransition_tggp5"), "Run_Jump_Fall", "Run_Jump_End", SubResource("AnimationNodeStateMachineTransition_vdlve"), "Run", "Jog", SubResource("AnimationNodeStateMachineTransition_eev0w"), "Jog", "Run", SubResource("AnimationNodeStateMachineTransition_kthle"), "Jog", "Walk", SubResource("AnimationNodeStateMachineTransition_qrl20"), "Walk", "Jog", SubResource("AnimationNodeStateMachineTransition_r5bic"), "Run", "Walk", SubResource("AnimationNodeStateMachineTransition_pyd2w"), "Walk", "Run", SubResource("AnimationNodeStateMachineTransition_p4ag8"), "Jump_Rise", "Jump_End", SubResource("AnimationNodeStateMachineTransition_ihmew"), "Run_Jump_Rise", "Run_Jump_End", SubResource("AnimationNodeStateMachineTransition_3l313"), "Run", "Run_Jump_Fall", SubResource("AnimationNodeStateMachineTransition_8l6l8"), "Jog", "Jump_Fall", SubResource("AnimationNodeStateMachineTransition_j7ba3"), "Walk", "Jump_Fall", SubResource("AnimationNodeStateMachineTransition_gnida"), "Idle", "Jump_Fall", SubResource("AnimationNodeStateMachineTransition_vd3y3"), "Idle", "Emote", SubResource("AnimationNodeStateMachineTransition_8wh0r"), "Emote", "Idle", SubResource("AnimationNodeStateMachineTransition_3sg1c"), "Idle", "Emote_Mix", SubResource("AnimationNodeStateMachineTransition_qm8x3"), "Emote_Mix", "Idle", SubResource("AnimationNodeStateMachineTransition_sa8km")]
graph_offset = Vector2(-108.122, 198.367)

[sub_resource type="Curve" id="Curve_m2nrn"]
_data = [Vector2(0, 0.190909), 0.0, 0.0, 0, 0, Vector2(0.623809, 0.390909), 0.0, 0.0, 0, 0, Vector2(1, 0.0636363), 0.0, 0.0, 0, 0]
point_count = 3

[sub_resource type="CurveTexture" id="CurveTexture_lroyk"]
curve = SubResource("Curve_m2nrn")

[sub_resource type="ParticleProcessMaterial" id="ParticleProcessMaterial_al8aw"]
emission_shape = 3
emission_box_extents = Vector3(0.1, 0, 0.1)
direction = Vector3(0, 0, 0)
spread = 90.0
initial_velocity_max = 0.2
gravity = Vector3(0, 0.1, 0)
radial_accel_min = 0.5
radial_accel_max = 1.0
damping_max = 0.85
scale_min = 0.0
scale_max = 1.5
scale_curve = SubResource("CurveTexture_lroyk")

[sub_resource type="StandardMaterial3D" id="StandardMaterial3D_6htl0"]
albedo_color = Color(0.913725, 0.886275, 0.839216, 1)

[sub_resource type="SphereMesh" id="SphereMesh_2nc0h"]
material = SubResource("StandardMaterial3D_6htl0")
radius = 0.1
height = 0.1

[node name="Avatar" type="DclAvatar"]
script = ExtResource("1_kkscc")

[node name="Armature" type="Node3D" parent="."]

[node name="Skeleton3D" type="Skeleton3D" parent="Armature"]
transform = Transform3D(-0.01, -8.74228e-10, 3.82137e-17, 0, -4.37114e-10, -0.01, 8.74228e-10, -0.01, 4.37114e-10, 0, 0, 0)
bones/0/name = "Avatar_Hips"
bones/0/parent = -1
bones/0/rest = Transform3D(-1, 0, 0, 0, 0, 1, 0, 1, 0, 0, 0, -100)
bones/0/enabled = true
bones/0/position = Vector3(0.0255265, -0.75732, -98.8757)
bones/0/rotation = Quaternion(-0.0237851, 0.667316, 0.744014, -0.0237851)
bones/0/scale = Vector3(1, 1, 1)
bones/1/name = "Avatar_LeftUpLeg"
bones/1/parent = 0
bones/1/rest = Transform3D(1, -1.11022e-16, -1.50996e-07, -3.39028e-09, 0.999748, -0.0224528, 1.50958e-07, 0.0224528, 0.999748, -8.91, 6.27001, 5.45697e-12)
bones/1/enabled = true
bones/1/position = Vector3(-8.91, 6.27001, 0)
bones/1/rotation = Quaternion(0.138891, -0.0296624, 0.0071203, 0.989838)
bones/1/scale = Vector3(1, 1, 1)
bones/2/name = "Avatar_LeftLeg"
bones/2/parent = 1
bones/2/rest = Transform3D(1, -7.12636e-09, -1.6824e-10, 7.12636e-09, 0.998886, 0.0471958, -1.68282e-10, -0.0471958, 0.998886, 3.17771e-07, 44.89, -8.51388e-08)
bones/2/enabled = true
bones/2/position = Vector3(1.72337e-06, 44.89, 4.13156e-07)
bones/2/rotation = Quaternion(-0.162054, -3.27453e-08, -1.18942e-08, 0.986782)
bones/2/scale = Vector3(1, 1, 1)
bones/3/name = "Avatar_LeftFoot"
bones/3/parent = 2
bones/3/rest = Transform3D(-1, -4.58974e-07, 8.08771e-07, 5.47186e-07, 0.412795, 0.910824, -7.51901e-07, 0.910824, -0.412796, -3.04666e-08, 40.7135, 1.73689e-06)
bones/3/enabled = true
bones/3/position = Vector3(-1.02112e-06, 40.7122, -0.000177888)
bones/3/rotation = Quaternion(-0.0299035, 0.801494, 0.593546, 0.0664519)
bones/3/scale = Vector3(1, 1, 1)
bones/4/name = "Avatar_LeftToeBase"
bones/4/parent = 3
bones/4/rest = Transform3D(1, -9.16167e-07, 5.24666e-07, 5.96504e-07, 0.900325, 0.435217, -8.71102e-07, -0.435217, 0.900325, -1.41518e-06, 14.3889, 1.17888e-05)
bones/4/enabled = true
bones/4/position = Vector3(-4.23613e-06, 14.3889, 1.07766e-06)
bones/4/rotation = Quaternion(-0.223243, 3.89366e-07, 5.39342e-07, 0.974763)
bones/4/scale = Vector3(1, 1, 1)
bones/5/name = "Avatar_RightUpLeg"
bones/5/parent = 0
bones/5/rest = Transform3D(1, -1.11022e-16, -1.50996e-07, -3.39028e-09, 0.999748, -0.0224528, 1.50958e-07, 0.0224528, 0.999748, 8.91, 6.27001, 5.45697e-12)
bones/5/enabled = true
bones/5/position = Vector3(8.91, 6.27001, 0)
bones/5/rotation = Quaternion(0.0916115, -0.0391799, -0.00701681, 0.994999)
bones/5/scale = Vector3(1, 1, 1)
bones/6/name = "Avatar_RightLeg"
bones/6/parent = 5
bones/6/rest = Transform3D(1, -7.12636e-09, -1.68239e-10, 7.12636e-09, 0.998886, 0.0471957, -1.68282e-10, -0.0471957, 0.998886, 3.17771e-07, 44.89, 8.51388e-08)
bones/6/enabled = true
bones/6/position = Vector3(-2.09133e-06, 44.89, 7.78937e-07)
bones/6/rotation = Quaternion(-0.144474, -3.43333e-08, -6.67166e-09, 0.989509)
bones/6/scale = Vector3(1, 1, 1)
bones/7/name = "Avatar_RightFoot"
bones/7/parent = 6
bones/7/rest = Transform3D(-1, 7.34035e-07, -1.10828e-06, -7.06439e-07, 0.412795, 0.910824, 1.12607e-06, 0.910824, -0.412796, -3.04666e-08, 40.7135, -8.95561e-08)
bones/7/enabled = true
bones/7/position = Vector3(-2.90966e-06, 40.7121, -0.000203459)
bones/7/rotation = Quaternion(0.0329428, 0.78215, 0.616192, -0.0863915)
bones/7/scale = Vector3(1, 1, 1)
bones/8/name = "Avatar_RightToeBase"
bones/8/parent = 7
bones/8/rest = Transform3D(0.999999, 0.00142531, -7.00966e-07, -0.00128294, 0.900325, 0.435217, 0.000620951, -0.435217, 0.900325, -1.62839e-07, 14.3889, 9.15804e-06)
bones/8/enabled = true
bones/8/position = Vector3(5.51915e-06, 14.3889, -1.22584e-07)
bones/8/rotation = Quaternion(-0.223243, -0.000159455, -0.000694985, 0.974763)
bones/8/scale = Vector3(1, 1, 1)
bones/9/name = "Avatar_Spine"
bones/9/parent = 0
bones/9/rest = Transform3D(-1, 0, 0, 0, -1, 0, 0, 0, 1, 0, -7.00001, -1.81899e-12)
bones/9/enabled = true
bones/9/position = Vector3(0, -7, 0)
bones/9/rotation = Quaternion(-5.37084e-05, -0.054183, 0.998529, -0.00182335)
bones/9/scale = Vector3(1, 1, 1)
bones/10/name = "Avatar_Spine1"
bones/10/parent = 9
bones/10/rest = Transform3D(1, 0, 0, 0, 1, 0, 0, 0, 1, 0, 14.0785, 5.85842e-12)
bones/10/enabled = true
bones/10/position = Vector3(0, 14.0786, 0)
bones/10/rotation = Quaternion(-0.0752035, 0.0336819, 0.00282668, 0.996595)
bones/10/scale = Vector3(1, 1, 1)
bones/11/name = "Avatar_Spine2"
bones/11/parent = 10
bones/11/rest = Transform3D(1, 0, 0, 0, 1, 0, 0, 0, 1, 0, 14.0786, 3.63798e-12)
bones/11/enabled = true
bones/11/position = Vector3(0, 14.0786, 3.63798e-12)
bones/11/rotation = Quaternion(0.0415263, -9.8892e-12, 0.000252731, 0.999137)
bones/11/scale = Vector3(1, 1, 1)
bones/12/name = "Avatar_LeftShoulder"
bones/12/parent = 11
bones/12/rest = Transform3D(0, 1, 0, 1, 0, -1.50996e-07, -1.50996e-07, 0, -1, 7, 11.4315, -8.07887e-12)
bones/12/enabled = true
bones/12/position = Vector3(7, 11.4314, 0)
bones/12/rotation = Quaternion(0.751666, 0.659544, 4.06598e-07, 2.68704e-07)
bones/12/scale = Vector3(1, 1, 1)
bones/13/name = "Avatar_LeftArm"
bones/13/parent = 12
bones/13/rest = Transform3D(0.999331, 5.03176e-06, -0.0365678, -0.00134224, 0.999331, -0.0365434, 0.0365431, 0.036568, 0.998663, 5.42855e-12, 10.7072, 1.81899e-12)
bones/13/enabled = true
bones/13/position = Vector3(-3.94032e-06, 10.7072, -6.74821e-07)
bones/13/rotation = Quaternion(-0.0918788, 0.199161, 0.542201, 0.811118)
bones/13/scale = Vector3(1, 1, 1)
bones/14/name = "Avatar_LeftForeArm"
bones/14/parent = 13
bones/14/rest = Transform3D(0.997244, 0.00741245, 0.0738161, -0.0128518, 0.997213, 0.0734884, -0.0730657, -0.0742346, 0.99456, 6.54534e-05, 27.3238, 4.58956e-06)
bones/14/enabled = true
bones/14/position = Vector3(6.56742e-06, 27.3237, -1.58772e-06)
bones/14/rotation = Quaternion(-0.166103, 0.0371231, -0.000268393, 0.985409)
bones/14/scale = Vector3(1, 1, 1)
bones/15/name = "Avatar_LeftHand"
bones/15/parent = 14
bones/15/rest = Transform3D(0.995922, -0.0290927, 0.0853954, 0.0214138, 0.995757, 0.0894995, -0.0876368, -0.0873059, 0.992319, -2.05237e-06, 26.7173, -5.2515e-06)
bones/15/enabled = true
bones/15/position = Vector3(-5.16467e-06, 26.7172, 3.24048e-07)
bones/15/rotation = Quaternion(-0.052398, -0.0459707, 0.0735462, 0.994853)
bones/15/scale = Vector3(1, 1, 1)
bones/16/name = "Avatar_LeftHandThumb1"
bones/16/parent = 15
bones/16/rest = Transform3D(0.97995, -0.160055, -0.118662, 0.17705, 0.97268, 0.150157, 0.0913865, -0.168155, 0.981515, -1.20164, 3.69807, -4.87044)
bones/16/enabled = true
bones/16/position = Vector3(-1.20179, 3.69811, -4.87046)
bones/16/rotation = Quaternion(-0.0890582, -0.036212, 0.277548, 0.955889)
bones/16/scale = Vector3(1, 1, 1)
bones/17/name = "Avatar_LeftHandThumb2"
bones/17/parent = 16
bones/17/rest = Transform3D(0.979332, 0.20181, -0.0134604, -0.202258, 0.977137, -0.0655322, -7.23759e-05, 0.0669003, 0.99776, 7.30157e-06, 2.66481, -3.72587e-07)
bones/17/enabled = true
bones/17/position = Vector3(1.03414e-05, 2.66474, -7.25895e-06)
bones/17/rotation = Quaternion(0.0514509, -0.00522137, -0.101532, 0.993487)
bones/17/scale = Vector3(1, 1, 1)
bones/18/name = "Avatar_LeftHandThumb3"
bones/18/parent = 17
bones/18/rest = Transform3D(1, 0.000129615, 1.23635e-05, -0.000129473, 0.999941, -0.0108658, -1.37712e-05, 0.0108658, 0.999941, 2.52528e-05, 2.88592, -1.4618e-06)
bones/18/enabled = true
bones/18/position = Vector3(-1.37097e-05, 2.88597, 2.18302e-06)
bones/18/rotation = Quaternion(0.116321, -2.6563e-07, -5.97995e-05, 0.993212)
bones/18/scale = Vector3(1, 1, 1)
bones/19/name = "Avatar_LeftHandThumb4"
bones/19/parent = 18
bones/19/rest = Transform3D(1, 5.56111e-06, -8.18444e-07, -5.56111e-06, 1, -8.34957e-07, 8.18439e-07, 8.34961e-07, 1, -5.84318e-05, 2.74385, -7.38959e-06)
bones/19/enabled = true
bones/19/position = Vector3(2.10699e-05, 2.74387, -2.89705e-06)
bones/19/rotation = Quaternion(4.17479e-07, -4.09221e-07, -2.78055e-06, 1)
bones/19/scale = Vector3(1, 1, 1)
bones/20/name = "Avatar_LeftHandIndex1"
bones/20/parent = 15
bones/20/rest = Transform3D(0.992114, 0.0102391, -0.12492, -0.0222489, 0.995216, -0.0951269, 0.123349, 0.0971561, 0.987596, 0.779021, 9.23472, -2.75748)
bones/20/enabled = true
bones/20/position = Vector3(0.778809, 9.23481, -2.75751)
bones/20/rotation = Quaternion(0.0422865, -0.0664384, 0.083639, 0.993379)
bones/20/scale = Vector3(1, 1, 1)
bones/21/name = "Avatar_LeftHandIndex2"
bones/21/parent = 20
bones/21/rest = Transform3D(1, 2.94668e-06, 4.6735e-07, -2.94606e-06, 0.999999, -0.00132322, -4.71249e-07, 0.00132322, 0.999999, 2.51133e-05, 5.18386, -6.35439e-06)
bones/21/enabled = true
bones/21/position = Vector3(1.7291e-06, 5.18387, 1.13745e-07)
bones/21/rotation = Quaternion(0.000649143, -0.000130271, 0.196615, 0.980481)
bones/21/scale = Vector3(1, 1, 1)
bones/22/name = "Avatar_LeftHandIndex3"
bones/22/parent = 21
bones/22/rest = Transform3D(1, -3.58599e-05, -1.42492e-06, 3.58665e-05, 0.999988, 0.0049958, 1.24575e-06, -0.0049958, 0.999987, 1.73047e-05, 3.41515, 4.21715e-08)
bones/22/enabled = true
bones/22/position = Vector3(-6.71784e-07, 3.41513, -1.82798e-06)
bones/22/rotation = Quaternion(-0.00246965, 0.0003785, 0.151481, 0.988457)
bones/22/scale = Vector3(1, 1, 1)
bones/23/name = "Avatar_LeftHandIndex4"
bones/23/parent = 22
bones/23/rest = Transform3D(1, 2.86898e-05, 1.46037e-06, -2.86898e-05, 1, 1.46214e-06, -1.46032e-06, -1.46218e-06, 1, -4.8973e-06, 2.1274, 4.08676e-07)
bones/23/enabled = true
bones/23/position = Vector3(1.82478e-05, 2.12739, 1.30804e-06)
bones/23/rotation = Quaternion(-7.31079e-07, 7.30171e-07, -1.43449e-05, 1)
bones/23/scale = Vector3(1, 1, 1)
bones/24/name = "Avatar_LeftHandMiddle1"
bones/24/parent = 15
bones/24/rest = Transform3D(0.992114, 0.00669833, -0.125162, -0.022252, 0.992121, -0.123288, 0.12335, 0.125101, 0.984446, 0.753531, 8.89655, -0.172081)
bones/24/enabled = true
bones/24/position = Vector3(0.75333, 8.8966, -0.172106)
bones/24/rotation = Quaternion(0.0519128, -0.0712884, 0.147322, 0.985149)
bones/24/scale = Vector3(1, 1, 1)
bones/25/name = "Avatar_LeftHandMiddle2"
bones/25/parent = 24
bones/25/rest = Transform3D(1, 1.21359e-08, -2.25911e-07, -1.21396e-08, 1, -1.63992e-05, 2.25911e-07, 1.63992e-05, 1, -4.67116e-05, 4.97609, -4.57515e-06)
bones/25/enabled = true
bones/25/position = Vector3(-4.60769e-06, 4.97608, -4.75095e-07)
bones/25/rotation = Quaternion(7.88146e-06, -2.04265e-06, 0.25815, 0.966105)
bones/25/scale = Vector3(1, 1, 1)
bones/26/name = "Avatar_LeftHandMiddle3"
bones/26/parent = 25
bones/26/rest = Transform3D(1, 1.52158e-05, -3.18544e-08, -1.52158e-05, 1, 1.71343e-05, 3.21151e-08, -1.71343e-05, 1, -2.27942e-06, 3.86526, 1.15426e-07)
bones/26/enabled = true
bones/26/position = Vector3(5.47529e-07, 3.86525, 4.07777e-07)
bones/26/rotation = Quaternion(-8.38652e-06, 1.37939e-06, 0.160899, 0.986971)
bones/26/scale = Vector3(1, 1, 1)
bones/27/name = "Avatar_LeftHandMiddle4"
bones/27/parent = 26
bones/27/rest = Transform3D(0.979312, -0.202355, 4.92609e-05, 0.202355, 0.979312, -0.000467439, 4.63469e-05, 0.000467736, 1, 1.1265e-05, 2.00565, 2.07598e-07)
bones/27/enabled = true
bones/27/position = Vector3(5.38084e-07, 2.00562, 4.5151e-07)
bones/27/rotation = Quaternion(0.000235012, 7.32234e-07, 0.101705, 0.994815)
bones/27/scale = Vector3(1, 1, 1)
bones/28/name = "Avatar_LeftHandRing1"
bones/28/parent = 15
bones/28/rest = Transform3D(0.992114, 0.00669073, -0.125161, -0.0222518, 0.992114, -0.123348, 0.123349, 0.125161, 0.984439, 0.277531, 8.82563, 2.66313)
bones/28/enabled = true
bones/28/position = Vector3(0.277311, 8.82569, 2.6631)
bones/28/rotation = Quaternion(0.0444482, -0.0761912, 0.246426, 0.965139)
bones/28/scale = Vector3(1, 1, 1)
bones/29/name = "Avatar_LeftHandRing2"
bones/29/parent = 28
bones/29/rest = Transform3D(1, -4.67641e-06, 2.44804e-07, 4.6764e-06, 1, 2.91492e-07, -2.44805e-07, -2.91491e-07, 1, -3.09189e-05, 4.08647, -8.38862e-06)
bones/29/enabled = true
bones/29/position = Vector3(-1.12596e-06, 4.08644, 1.4469e-07)
bones/29/rotation = Quaternion(8.83586e-09, -4.19043e-11, 0.242649, 0.970114)
bones/29/scale = Vector3(1, 1, 1)
bones/30/name = "Avatar_LeftHandRing3"
bones/30/parent = 29
bones/30/rest = Transform3D(1, 1.18705e-05, -1.60112e-07, -1.18705e-05, 1, -1.60112e-07, 1.6011e-07, 1.60114e-07, 1, -5.27643e-07, 3.26358, -4.51637e-08)
bones/30/enabled = true
bones/30/position = Vector3(9.39058e-06, 3.26354, 3.36185e-06)
bones/30/rotation = Quaternion(9.72037e-08, -8.2203e-08, 0.245232, 0.969465)
bones/30/scale = Vector3(1, 1, 1)
bones/31/name = "Avatar_LeftHandRing4"
bones/31/parent = 30
bones/31/rest = Transform3D(0.97931, -0.202366, -4.93117e-07, 0.202366, 0.97931, -8.95189e-07, 6.64069e-07, 7.76877e-07, 1, -9.08627e-06, 2.12075, -6.82558e-08)
bones/31/enabled = true
bones/31/position = Vector3(1.13817e-05, 2.12078, 6.90783e-07)
bones/31/rotation = Quaternion(4.20195e-07, -2.90804e-07, 0.10171, 0.994814)
bones/31/scale = Vector3(1, 1, 1)
bones/32/name = "Avatar_LeftHandPinky1"
bones/32/parent = 15
bones/32/rest = Transform3D(0.992114, 0.00371115, -0.125284, -0.0222561, 0.988893, -0.146951, 0.123348, 0.148581, 0.981177, -0.608626, 8.39423, 5.13689)
bones/32/enabled = true
bones/32/position = Vector3(-0.60877, 8.39429, 5.13688)
bones/32/rotation = Quaternion(0.0483355, -0.0841141, 0.334953, 0.937228)
bones/32/scale = Vector3(1, 1, 1)
bones/33/name = "Avatar_LeftHandPinky2"
bones/33/parent = 32
bones/33/rest = Transform3D(1, -1.6969e-05, 8.2619e-07, 1.69682e-05, 0.999999, 0.00103675, -8.43782e-07, -0.00103675, 0.999999, -6.63118e-05, 3.49534, -6.6245e-06)
bones/33/enabled = true
bones/33/position = Vector3(2.46946e-07, 3.49534, -1.36664e-06)
bones/33/rotation = Quaternion(-0.00049226, 0.000160398, 0.309791, 0.950805)
bones/33/scale = Vector3(1, 1, 1)
bones/34/name = "Avatar_LeftHandPinky3"
bones/34/parent = 33
bones/34/rest = Transform3D(1, 5.54533e-05, -7.32148e-07, -5.54548e-05, 0.999997, -0.00223135, 6.08411e-07, 0.00223135, 0.999997, -1.19373e-05, 2.4257, -4.54456e-08)
bones/34/enabled = true
bones/34/position = Vector3(2.98199e-06, 2.42574, -9.23087e-07)
bones/34/rotation = Quaternion(0.00109393, -0.000217543, 0.194946, 0.980813)
bones/34/scale = Vector3(1, 1, 1)
bones/35/name = "Avatar_LeftHandPinky4"
bones/35/parent = 34
bones/35/rest = Transform3D(0.979308, -0.202137, -0.00984862, 0.20161, 0.970209, 0.134342, -0.0176002, -0.133548, 0.990886, -1.03374e-05, 1.77946, 5.5581e-08)
bones/35/enabled = true
bones/35/position = Vector3(-2.27424e-05, 1.77942, 1.33023e-06)
bones/35/rotation = Quaternion(-0.0674771, 0.00195246, 0.101697, 0.992522)
bones/35/scale = Vector3(1, 1, 1)
bones/36/name = "Avatar_RightShoulder"
bones/36/parent = 11
bones/36/rest = Transform3D(0, -1, -1.42109e-14, 1, 0, -1.42109e-14, 1.42109e-14, -1.42109e-14, 1, -7, 11.4315, -8.07887e-12)
bones/36/enabled = true
bones/36/position = Vector3(-7, 11.4314, 0)
bones/36/rotation = Quaternion(1.91503e-07, 2.05149e-07, 0.750418, 0.660963)
bones/36/scale = Vector3(1, 1, 1)
bones/37/name = "Avatar_RightArm"
bones/37/parent = 36
bones/37/rest = Transform3D(0.999331, 5.02612e-06, 0.0365681, -0.00134224, 0.999331, 0.0365435, -0.0365435, -0.0365681, 0.998663, 1.16813e-11, 10.7072, 1.05769e-11)
bones/37/enabled = true
bones/37/position = Vector3(-5.20355e-06, 10.7072, -6.82453e-07)
bones/37/rotation = Quaternion(0.057773, -0.185008, 0.560943, 0.804846)
bones/37/scale = Vector3(1, 1, 1)
bones/38/name = "Avatar_RightForeArm"
bones/38/parent = 37
bones/38/rest = Transform3D(0.997244, 0.00741359, -0.0738165, -0.012853, 0.997213, -0.0734884, 0.0730659, 0.0742346, 0.994561, 4.03076e-06, 27.3237, 5.96046e-07)
bones/38/enabled = true
bones/38/position = Vector3(-3.49805e-06, 27.3237, -4.76837e-07)
bones/38/rotation = Quaternion(0.164041, -0.0371225, -0.000346059, 0.985755)
bones/38/scale = Vector3(1, 1, 1)
bones/39/name = "Avatar_RightHand"
bones/39/parent = 38
bones/39/rest = Transform3D(0.995922, -0.0290939, -0.0853951, 0.0214149, 0.995756, -0.0894998, 0.0876366, 0.0873061, 0.992319, -5.42547e-05, 26.7172, -8.79303e-07)
bones/39/enabled = true
bones/39/position = Vector3(-1.27698e-05, 26.7172, 2.50344e-07)
bones/39/rotation = Quaternion(0.0545817, -0.0360716, 0.0372347, 0.997163)
bones/39/scale = Vector3(1, 1, 1)
bones/40/name = "Avatar_RightHandThumb1"
bones/40/parent = 39
bones/40/rest = Transform3D(0.979949, -0.160059, 0.118662, 0.177054, 0.972679, -0.150157, -0.0913861, 0.168156, 0.981515, -1.20156, 3.69805, 4.87044)
bones/40/enabled = true
bones/40/position = Vector3(-1.20172, 3.69812, 4.87047)
bones/40/rotation = Quaternion(0.0890578, 0.0362132, 0.277546, 0.95589)
bones/40/scale = Vector3(1, 1, 1)
bones/41/name = "Avatar_RightHandThumb2"
bones/41/parent = 40
bones/41/rest = Transform3D(0.979327, 0.201834, 0.0134617, -0.202283, 0.977132, 0.0655335, 7.30194e-05, -0.0669019, 0.99776, -1.2219e-05, 2.66476, 1.43387e-06)
bones/41/enabled = true
bones/41/position = Vector3(1.02641e-05, 2.66476, 6.56018e-07)
bones/41/rotation = Quaternion(-0.0533242, 0.00541199, -0.101521, 0.993389)
bones/41/scale = Vector3(1, 1, 1)
bones/42/name = "Avatar_RightHandThumb3"
bones/42/parent = 41
bones/42/rest = Transform3D(1, 6.39749e-05, -1.36946e-05, -6.38224e-05, 0.999941, 0.0108646, 1.43889e-05, -0.0108646, 0.999941, -3.01667e-05, 2.88594, 6.19693e-07)
bones/42/enabled = true
bones/42/position = Vector3(2.79746e-06, 2.88593, 2.28323e-07)
bones/42/rotation = Quaternion(-0.116321, 2.24688e-07, -5.98386e-05, 0.993212)
bones/42/scale = Vector3(1, 1, 1)
bones/43/name = "Avatar_RightHandThumb4"
bones/43/parent = 42
bones/43/rest = Transform3D(1, 8.89757e-05, -1.533e-06, -8.89757e-05, 1, -1.55055e-06, 1.53286e-06, 1.55069e-06, 1, 4.30155e-07, 2.74389, -3.28757e-07)
bones/43/enabled = true
bones/43/position = Vector3(4.93624e-06, 2.74388, -9.76186e-07)
bones/43/rotation = Quaternion(7.75311e-07, -7.66464e-07, -4.44879e-05, 1)
bones/43/scale = Vector3(1, 1, 1)
bones/44/name = "Avatar_RightHandIndex1"
bones/44/parent = 39
bones/44/rest = Transform3D(0.992114, 0.0102392, 0.12492, -0.0222489, 0.995216, 0.0951269, -0.123349, -0.0971561, 0.987596, 0.77907, 9.23471, 2.75749)
bones/44/enabled = true
bones/44/position = Vector3(0.778919, 9.23478, 2.7575)
bones/44/rotation = Quaternion(-0.0428211, 0.0660951, 0.0756226, 0.994022)
bones/44/scale = Vector3(1, 1, 1)
bones/45/name = "Avatar_RightHandIndex2"
bones/45/parent = 44
bones/45/rest = Transform3D(1, 1.63412e-05, -4.87852e-07, -1.63405e-05, 0.999999, 0.00132323, 5.09474e-07, -0.00132323, 0.999999, 9.19147e-06, 5.18383, 3.14205e-07)
bones/45/enabled = true
bones/45/position = Vector3(-2.13826e-06, 5.18387, -1.36862e-06)
bones/45/rotation = Quaternion(-0.000650018, 0.000124931, 0.188711, 0.982033)
bones/45/scale = Vector3(1, 1, 1)
bones/46/name = "Avatar_RightHandIndex3"
bones/46/parent = 45
bones/46/rest = Transform3D(1, -3.49185e-05, 1.09887e-06, 3.49236e-05, 0.999988, -0.00499613, -9.24395e-07, 0.00499613, 0.999987, -1.85867e-05, 3.41515, 1.29628e-07)
bones/46/enabled = true
bones/46/position = Vector3(1.26962e-06, 3.41516, 1.08356e-06)
bones/46/rotation = Quaternion(0.00247385, -0.000348801, 0.139624, 0.990201)
bones/46/scale = Vector3(1, 1, 1)
bones/47/name = "Avatar_RightHandIndex4"
bones/47/parent = 46
bones/47/rest = Transform3D(1, 1.43452e-05, -1.0133e-06, -1.43452e-05, 1, -1.00954e-06, 1.01329e-06, 1.00955e-06, 1, -2.27224e-06, 2.12738, 5.50004e-07)
bones/47/enabled = true
bones/47/position = Vector3(-3.52909e-05, 2.12736, -8.82456e-07)
bones/47/rotation = Quaternion(5.04771e-07, -5.06649e-07, -7.1726e-06, 1)
bones/47/scale = Vector3(1, 1, 1)
bones/48/name = "Avatar_RightHandMiddle1"
bones/48/parent = 39
bones/48/rest = Transform3D(0.992114, 0.00669837, 0.12516, -0.0222519, 0.992121, 0.123288, -0.123349, -0.125101, 0.984446, 0.753595, 8.89653, 0.172078)
bones/48/enabled = true
bones/48/position = Vector3(0.753395, 8.89661, 0.172096)
bones/48/rotation = Quaternion(-0.0524858, 0.0708673, 0.139374, 0.986305)
bones/48/scale = Vector3(1, 1, 1)
bones/49/name = "Avatar_RightHandMiddle2"
bones/49/parent = 48
bones/49/rest = Transform3D(1, 1.49024e-08, 1.67058e-08, -1.49027e-08, 1, 1.63378e-05, -1.67056e-08, -1.63378e-05, 1, 3.20544e-05, 4.97609, 4.3387e-06)
bones/49/enabled = true
bones/49/position = Vector3(-9.03528e-07, 4.97607, -2.18782e-06)
bones/49/rotation = Quaternion(-7.92036e-06, 2.09001e-06, 0.250347, 0.968156)
bones/49/scale = Vector3(1, 1, 1)
bones/50/name = "Avatar_RightHandMiddle3"
bones/50/parent = 49
bones/50/rest = Transform3D(1, 7.60806e-06, 4.04834e-07, -7.60806e-06, 1, -1.67769e-05, -4.04962e-07, 1.67769e-05, 1, 2.4011e-07, 3.86529, 4.58422e-08)
bones/50/enabled = true
bones/50/position = Vector3(3.81469e-06, 3.8653, 4.14512e-07)
bones/50/rotation = Quaternion(8.49711e-06, -1.31295e-06, 0.149042, 0.988831)
bones/50/scale = Vector3(1, 1, 1)
bones/51/name = "Avatar_RightHandMiddle4"
bones/51/parent = 50
bones/51/rest = Transform3D(1, 7.60807e-06, -7.72613e-07, -7.60807e-06, 1, -7.7269e-07, 7.72607e-07, 7.72695e-07, 1, 6.47077e-06, 2.0056, -1.59685e-07)
bones/51/enabled = true
bones/51/position = Vector3(-1.19209e-07, 2.00564, -2.00371e-06)
bones/51/rotation = Quaternion(3.86346e-07, -3.86305e-07, -3.80403e-06, 1)
bones/51/scale = Vector3(1, 1, 1)
bones/52/name = "Avatar_RightHandRing1"
bones/52/parent = 39
bones/52/rest = Transform3D(0.992114, 0.00669077, 0.12516, -0.0222518, 0.992114, 0.123348, -0.123348, -0.125161, 0.984439, 0.277626, 8.8256, -2.66312)
bones/52/enabled = true
bones/52/position = Vector3(0.277353, 8.82568, -2.6631)
bones/52/rotation = Quaternion(-0.0450613, 0.0758302, 0.238632, 0.967096)
bones/52/scale = Vector3(1, 1, 1)
bones/53/name = "Avatar_RightHandRing2"
bones/53/parent = 52
bones/53/rest = Transform3D(1, 4.67556e-06, 1.22857e-07, -4.67556e-06, 1, -6.72393e-09, -1.22857e-07, 6.72335e-09, 1, -1.12598e-06, 4.0865, 3.43209e-06)
bones/53/enabled = true
bones/53/position = Vector3(5.46542e-06, 4.08645, -4.54797e-07)
bones/53/rotation = Quaternion(-2.67781e-09, -4.3536e-08, 0.234819, 0.972039)
bones/53/scale = Vector3(1, 1, 1)
bones/54/name = "Avatar_RightHandRing3"
bones/54/parent = 53
bones/54/rest = Transform3D(1, -1.18704e-05, 9.27374e-08, 1.18704e-05, 1, 9.27347e-08, -9.27385e-08, -9.27336e-08, 1, -1.63695e-05, 3.26353, -2.68039e-08)
bones/54/enabled = true
bones/54/position = Vector3(-4.12762e-06, 3.26354, 4.71373e-07)
bones/54/rotation = Quaternion(-9.89806e-08, 2.15253e-08, 0.233592, 0.972335)
bones/54/scale = Vector3(1, 1, 1)
bones/55/name = "Avatar_RightHandRing4"
bones/55/parent = 54
bones/55/rest = Transform3D(1, 7.19484e-06, 3.37262e-07, -7.19484e-06, 1, 3.37259e-07, -3.3726e-07, -3.37261e-07, 1, 7.81987e-06, 2.1208, -1.29488e-07)
bones/55/enabled = true
bones/55/position = Vector3(-2.31266e-05, 2.12079, -6.75327e-07)
bones/55/rotation = Quaternion(-1.6863e-07, 1.68631e-07, -3.59742e-06, 1)
bones/55/scale = Vector3(1, 1, 1)
bones/56/name = "Avatar_RightHandPinky1"
bones/56/parent = 39
bones/56/rest = Transform3D(0.992114, 0.00371124, 0.125285, -0.0222562, 0.988893, 0.146951, -0.123348, -0.14858, 0.981178, -0.608531, 8.3942, -5.13689)
bones/56/enabled = true
bones/56/position = Vector3(-0.608719, 8.39428, -5.13687)
bones/56/rotation = Quaternion(-0.0490121, 0.0837216, 0.327385, 0.939898)
bones/56/scale = Vector3(1, 1, 1)
bones/57/name = "Avatar_RightHandPinky2"
bones/57/parent = 56
